2.469999999999999973e-01
1.829999999999999960e-01
-1.250000000000000000e-01
7.799999999999999989e-02
2.720000000000000195e-01
1.429999999999999882e-01
-1.580000000000000016e-01
1.300000000000000044e-01
-8.400000000000000522e-02
2.710000000000000187e-01
-6.169999999999999929e-01
-7.089999999999999636e-01
-3.509999999999999787e-01
1.950000000000000067e-01
-2.010000000000000120e-01
4.499999999999999833e-02
2.710000000000000187e-01
3.350000000000000200e-01
2.780000000000000249e-01
6.099999999999999867e-01
5.739999999999999547e-01
5.190000000000000169e-01
7.520000000000000018e-01
7.560000000000000053e-01
7.620000000000000107e-01
6.730000000000000426e-01
8.429999999999999716e-01
3.810000000000000053e-01
3.420000000000000262e-01
2.010000000000000120e-01
1.429999999999999882e-01
4.949999999999999956e-01
3.940000000000000169e-01
5.160000000000000142e-01
4.799999999999999822e-01
2.089999999999999913e-01
5.310000000000000275e-01
3.559999999999999831e-01
3.609999999999999876e-01
4.289999999999999925e-01
5.420000000000000373e-01
8.219999999999999529e-01
5.849999999999999645e-01
2.540000000000000036e-01
2.620000000000000107e-01
-4.000000000000000083e-03
3.350000000000000200e-01
5.250000000000000222e-01
4.909999999999999920e-01
4.319999999999999951e-01
2.680000000000000160e-01
2.240000000000000047e-01
-1.449999999999999900e-01
3.059999999999999942e-01
6.900000000000000577e-02
2.580000000000000071e-01
2.770000000000000240e-01
4.900000000000000189e-02
6.830000000000000515e-01
5.440000000000000391e-01
5.659999999999999476e-01
-7.900000000000000078e-02
-7.699999999999999900e-02
-8.500000000000000611e-02
1.660000000000000087e-01
-2.049999999999999878e-01
-8.899999999999999578e-02
-3.290000000000000147e-01
-5.560000000000000497e-01
-4.500000000000000111e-01
-6.300000000000000044e-02
-3.820000000000000062e-01
-1.160000000000000059e-01
-1.150000000000000050e-01
4.179999999999999827e-01
-2.740000000000000213e-01
1.280000000000000027e-01
4.319999999999999951e-01
6.540000000000000258e-01
5.280000000000000249e-01
5.919999999999999707e-01
7.369999999999999885e-01
7.500000000000000000e-01
3.910000000000000142e-01
7.500000000000000000e-01
8.840000000000000080e-01
1.022999999999999909e+00
9.769999999999999796e-01
9.340000000000000524e-01
9.929999999999999938e-01
1.022000000000000020e+00
8.509999999999999787e-01
6.750000000000000444e-01
7.590000000000000080e-01
6.300000000000000044e-02
2.270000000000000073e-01
4.819999999999999840e-01
6.019999999999999796e-01
6.430000000000000160e-01
5.570000000000000506e-01
7.049999999999999600e-01
6.560000000000000275e-01
7.610000000000000098e-01
5.620000000000000551e-01
6.899999999999999467e-01
9.030000000000000249e-01
1.135999999999999899e+00
1.040999999999999925e+00
1.034999999999999920e+00
8.329999999999999627e-01
8.139999999999999458e-01
7.489999999999999991e-01
9.649999999999999689e-01
-2.079999999999999905e-01
-4.759999999999999787e-01
-4.339999999999999969e-01
-4.390000000000000013e-01
-3.140000000000000013e-01
-1.390000000000000124e-01
1.100000000000000006e-01
2.419999999999999929e-01
-1.199999999999999956e-01
-3.039999999999999925e-01
1.960000000000000075e-01
7.799999999999999989e-02
1.499999999999999944e-01
4.470000000000000084e-01
5.959999999999999742e-01
7.720000000000000195e-01
4.279999999999999916e-01
8.950000000000000178e-01
1.197999999999999954e+00
1.161999999999999922e+00
1.066000000000000059e+00
1.118000000000000105e+00
1.249000000000000110e+00
7.459999999999999964e-01
7.500000000000000000e-01
1.143000000000000016e+00
6.820000000000000506e-01
8.810000000000000053e-01
-1.014999999999999902e+00
-1.290000000000000036e+00
2.760000000000000231e-01
6.750000000000000444e-01
-1.270999999999999908e+00
5.679999999999999494e-01
2.409999999999999920e-01
6.079999999999999849e-01
-2.153999999999999915e+00
-2.407000000000000028e+00
-1.518999999999999906e+00
-1.004999999999999893e+00
-1.733999999999999986e+00
-1.407000000000000028e+00
-1.828999999999999959e+00
-1.931000000000000050e+00
-1.637000000000000011e+00
-1.389000000000000012e+00
-1.558000000000000052e+00
-2.452999999999999847e+00
-1.657000000000000028e+00
-5.749999999999999556e-01
-9.700000000000000289e-02
-1.789999999999999925e-01
1.960000000000000075e-01
6.139999999999999902e-01
5.350000000000000311e-01
8.030000000000000471e-01
8.699999999999999956e-01
1.046000000000000041e+00
8.369999999999999662e-01
4.309999999999999942e-01
1.167000000000000037e+00
1.157000000000000028e+00
9.230000000000000426e-01
9.859999999999999876e-01
1.179000000000000048e+00
5.699999999999999512e-01
9.739999999999999769e-01
6.610000000000000320e-01
1.086000000000000076e+00
1.046000000000000041e+00
-3.799999999999999906e-02
6.999999999999999556e-01
7.139999999999999680e-01
8.359999999999999654e-01
7.399999999999999634e-02
5.380000000000000338e-01
4.129999999999999782e-01
5.809999999999999609e-01
9.140000000000000346e-01
7.159999999999999698e-01
3.870000000000000107e-01
5.550000000000000488e-01
1.449999999999999900e-01
2.000000000000000042e-02
1.739999999999999880e-01
-9.509999999999999565e-01
-4.599999999999999922e-02
-4.339999999999999969e-01
-8.999999999999999320e-03
1.980000000000000093e-01
-4.289999999999999925e-01
-5.550000000000000488e-01
-7.000000000000000666e-02
-2.379999999999999893e-01
-1.580000000000000016e-01
-2.889999999999999791e-01
-5.799999999999999600e-01
-1.870999999999999996e+00
-1.020000000000000018e+00
-2.600000000000000089e-01
1.189999999999999947e-01
-1.390000000000000124e-01
2.740000000000000213e-01
3.489999999999999769e-01
3.310000000000000164e-01
5.040000000000000036e-01
4.420000000000000040e-01
6.830000000000000515e-01
8.679999999999999938e-01
-3.200000000000000067e-01
-2.190999999999999837e+00
-5.719999999999999529e-01
5.240000000000000213e-01
1.209999999999999964e-01
8.020000000000000462e-01
4.239999999999999880e-01
-3.500000000000000333e-02
-1.519999999999999962e-01
-1.151000000000000023e+00
-1.975999999999999979e+00
-1.608999999999999986e+00
-1.036000000000000032e+00
-7.209999999999999742e-01
-7.239999999999999769e-01
-1.089999999999999997e-01
-9.299999999999999933e-02
6.300000000000000044e-02
3.930000000000000160e-01
4.369999999999999996e-01
-5.600000000000000533e-01
-1.633000000000000007e+00
-1.915999999999999925e+00
-1.241000000000000103e+00
-8.559999999999999831e-01
-4.159999999999999809e-01
-7.299999999999999822e-01
-2.670000000000000151e-01
3.750000000000000000e-01
6.540000000000000258e-01
7.000000000000000666e-02
2.730000000000000204e-01
-9.399999999999999467e-01
-1.100000000000000006e-01
2.240000000000000047e-01
4.909999999999999920e-01
-4.530000000000000138e-01
1.290000000000000036e-01
3.109999999999999987e-01
3.649999999999999911e-01
8.790000000000000036e-01
2.730000000000000204e-01
-1.600000000000000033e-02
9.839999999999999858e-01
1.118999999999999995e+00
5.480000000000000426e-01
4.480000000000000093e-01
-1.910000000000000031e-01
5.400000000000000355e-01
-3.400000000000000244e-01
4.499999999999999833e-02
-1.400000000000000029e-02
-2.720000000000000195e-01
-6.109999999999999876e-01
3.000000000000000062e-03
-6.009999999999999787e-01
-7.289999999999999813e-01
-9.539999999999999591e-01
-3.920000000000000151e-01
-8.649999999999999911e-01
-7.500000000000000000e-01
-8.980000000000000204e-01
-5.969999999999999751e-01
-9.469999999999999529e-01
-4.490000000000000102e-01
-8.500000000000000611e-02
7.199999999999999456e-02
-1.221999999999999975e+00
-3.529999999999999805e-01
-6.129999999999999893e-01
1.680000000000000104e-01
5.889999999999999680e-01
-6.000000000000000125e-03
2.700000000000000178e-01
2.200000000000000011e-01
7.369999999999999885e-01
7.429999999999999938e-01
8.479999999999999760e-01
3.559999999999999831e-01
6.500000000000000222e-01
-8.000000000000000167e-03
-7.690000000000000169e-01
-1.445000000000000062e+00
-2.262000000000000011e+00
-1.231999999999999984e+00
-2.363999999999999879e+00
-3.529999999999999805e-01
-2.374000000000000110e+00
-1.639000000000000012e+00
-5.649999999999999467e-01
-6.450000000000000178e-01
-2.859999999999999765e-01
1.980000000000000093e-01
1.400000000000000133e-01
4.689999999999999725e-01
5.120000000000000107e-01
4.359999999999999987e-01
2.780000000000000249e-01
3.799999999999999906e-02
2.889999999999999791e-01
5.550000000000000488e-01
7.620000000000000107e-01
1.104000000000000092e+00
2.149999999999999967e-01
-2.176000000000000156e+00
-5.590000000000000524e-01
-1.400000000000000029e-02
-2.407999999999999918e+00
-3.039999999999999925e-01
3.200000000000000067e-02
1.660000000000000087e-01
1.570000000000000007e-01
-2.039999999999999869e-01
-3.860000000000000098e-01
-2.000000000000000042e-03
3.019999999999999907e-01
5.000000000000000000e-01
2.710000000000000187e-01
2.280000000000000082e-01
8.100000000000000255e-02
5.969999999999999751e-01
8.539999999999999813e-01
4.610000000000000209e-01
8.259999999999999565e-01
8.900000000000000133e-01
5.060000000000000053e-01
5.210000000000000187e-01
3.459999999999999742e-01
3.029999999999999916e-01
1.010000000000000064e-01
3.760000000000000009e-01
6.460000000000000187e-01
-6.520000000000000240e-01
-4.929999999999999938e-01
7.599999999999999811e-02
-6.710000000000000409e-01
-2.780000000000000249e-01
8.739999999999999991e-01
9.180000000000000382e-01
-5.600000000000000533e-01
5.000000000000000278e-02
5.140000000000000124e-01
2.650000000000000133e-01
8.149999999999999467e-01
6.510000000000000231e-01
3.679999999999999938e-01
-3.899999999999999994e-02
8.319999999999999618e-01
1.881999999999999895e+00
2.839999999999999747e-01
5.420000000000000373e-01
7.730000000000000204e-01
7.459999999999999964e-01
9.270000000000000462e-01
7.029999999999999583e-01
1.024000000000000021e+00
7.930000000000000382e-01
1.559999999999999998e-01
-3.240000000000000102e-01
2.280000000000000082e-01
5.610000000000000542e-01
6.989999999999999547e-01
7.149999999999999689e-01
1.499999999999999944e-01
6.979999999999999538e-01
9.669999999999999707e-01
5.969999999999999751e-01
7.369999999999999885e-01
7.880000000000000338e-01
3.190000000000000058e-01
5.370000000000000329e-01
4.620000000000000218e-01
6.979999999999999538e-01
-4.380000000000000004e-01
2.700000000000000178e-01
6.889999999999999458e-01
6.480000000000000204e-01
4.620000000000000218e-01
-1.299999999999999940e-02
-8.100000000000000533e-01
-2.210000000000000020e-01
2.149999999999999967e-01
6.340000000000000080e-01
-2.819999999999999729e-01
4.399999999999999745e-02
-3.200000000000000067e-02
-2.959999999999999853e-01
-1.572999999999999954e+00
-1.427999999999999936e+00
-4.470000000000000084e-01
-1.049999999999999961e-01
3.410000000000000253e-01
5.899999999999999689e-02
-3.459999999999999742e-01
-3.069999999999999951e-01
-3.699999999999999817e-02
-2.379999999999999893e-01
-1.806999999999999940e+00
-4.189999999999999836e-01
1.189999999999999947e-01
-1.799999999999999864e-02
-1.290000000000000036e+00
-1.233000000000000096e+00
-1.322999999999999954e+00
-1.028999999999999915e+00
-7.079999999999999627e-01
-6.840000000000000524e-01
-1.258999999999999897e+00
-1.532000000000000028e+00
-1.949000000000000066e+00
-1.641999999999999904e+00
-7.319999999999999840e-01
-3.750000000000000000e-01
3.599999999999999728e-02
-1.769999999999999907e-01
-2.720000000000000195e-01
-8.070000000000000506e-01
-5.550000000000000488e-01
3.699999999999999817e-02
-7.500000000000000000e-01
-6.380000000000000115e-01
-3.330000000000000182e-01
-5.999999999999999778e-02
5.590000000000000524e-01
1.150000000000000050e-01
-6.179999999999999938e-01
-2.290000000000000091e-01
2.790000000000000258e-01
6.350000000000000089e-01
6.690000000000000391e-01
7.910000000000000364e-01
7.169999999999999707e-01
6.959999999999999520e-01
6.870000000000000551e-01
2.989999999999999880e-01
6.780000000000000471e-01
4.689999999999999725e-01
2.620000000000000107e-01
-1.147999999999999909e+00
-1.844999999999999973e+00
-1.270000000000000018e+00
-1.304999999999999938e+00
-1.743999999999999995e+00
-1.028000000000000025e+00
-2.580000000000000071e-01
-9.709999999999999742e-01
-7.029999999999999583e-01
-6.979999999999999538e-01
-6.390000000000000124e-01
-2.150999999999999801e+00
-1.346000000000000085e+00
-6.310000000000000053e-01
-1.489999999999999936e-01
-3.029999999999999916e-01
-1.346000000000000085e+00
-1.260000000000000009e+00
-9.050000000000000266e-01
-1.493000000000000105e+00
-1.407999999999999918e+00
-9.370000000000000551e-01
-1.510000000000000009e+00
-2.212000000000000188e+00
-1.179000000000000048e+00
1.880000000000000004e-01
3.180000000000000049e-01
2.699999999999999969e-02
-2.409999999999999920e-01
2.849999999999999756e-01
-2.200000000000000011e-01
-7.000000000000000666e-02
5.360000000000000320e-01
4.400000000000000022e-01
4.490000000000000102e-01
6.720000000000000417e-01
4.380000000000000004e-01
6.770000000000000462e-01
5.310000000000000275e-01
4.580000000000000182e-01
6.169999999999999929e-01
4.499999999999999833e-02
-1.760999999999999899e+00
-8.940000000000000169e-01
-5.050000000000000044e-01
-6.600000000000000311e-02
-8.500000000000000611e-02
-1.173000000000000043e+00
-7.880000000000000338e-01
2.680000000000000160e-01
-2.640000000000000124e-01
5.330000000000000293e-01
7.089999999999999636e-01
-3.870000000000000107e-01
6.480000000000000204e-01
5.989999999999999769e-01
9.489999999999999547e-01
1.151000000000000023e+00
9.889999999999999902e-01
9.020000000000000240e-01
7.479999999999999982e-01
8.020000000000000462e-01
3.880000000000000115e-01
-3.569999999999999840e-01
-1.713999999999999968e+00
-1.020999999999999908e+00
1.630000000000000060e-01
5.979999999999999760e-01
-1.629000000000000004e+00
-9.000000000000000222e-01
-5.540000000000000480e-01
3.099999999999999978e-02
3.039999999999999925e-01
2.879999999999999782e-01
-1.629000000000000004e+00
-2.295999999999999819e+00
-5.450000000000000400e-01
-1.618000000000000105e+00
-9.499999999999999556e-01
-1.582000000000000073e+00
-2.459000000000000075e+00
-9.210000000000000409e-01
-5.240000000000000213e-01
-1.044000000000000039e+00
-2.190000000000000002e-01
3.950000000000000178e-01
3.699999999999999956e-01
-1.280000000000000027e-01
3.170000000000000040e-01
4.739999999999999769e-01
-1.423999999999999932e+00
-4.919999999999999929e-01
-1.719999999999999862e-01
-3.569999999999999840e-01
-5.729999999999999538e-01
-1.647000000000000020e+00
-2.318000000000000060e+00
-1.493999999999999995e+00
-9.489999999999999547e-01
-7.840000000000000302e-01
-3.569999999999999840e-01
-3.439999999999999725e-01
-1.889999999999999902e+00
-1.356999999999999984e+00
-3.559999999999999831e-01
-1.000000000000000021e-02
1.670000000000000095e-01
4.119999999999999774e-01
-1.819999999999999951e-01
-1.014999999999999902e+00
-9.599999999999999645e-01
1.930000000000000049e-01
5.000000000000000000e-01
2.429999999999999938e-01
4.309999999999999942e-01
-9.900000000000000466e-02
2.320000000000000118e-01
5.899999999999999689e-02
7.599999999999999811e-02
-1.000000000000000056e-01
-3.860000000000000098e-01
-1.098000000000000087e+00
-1.552999999999999936e+00
-2.255999999999999783e+00
-2.170999999999999819e+00
-1.124000000000000110e+00
-6.939999999999999503e-01
-1.354999999999999982e+00
-1.699000000000000066e+00
-1.032999999999999918e+00
-1.431999999999999940e+00
-1.818000000000000060e+00
-1.356000000000000094e+00
-1.415000000000000036e+00
-1.550000000000000044e+00
-1.209999999999999964e-01
-9.160000000000000364e-01
-4.069999999999999729e-01
-2.740000000000000213e-01
-9.859999999999999876e-01
2.109999999999999931e-01
-5.800000000000000294e-02
3.970000000000000195e-01
8.529999999999999805e-01
8.970000000000000195e-01
2.449999999999999956e-01
-2.590000000000000080e-01
-1.205000000000000071e+00
-3.750000000000000000e-01
3.699999999999999817e-02
3.059999999999999942e-01
1.370000000000000107e-01
-3.240000000000000102e-01
-9.110000000000000320e-01
-2.134999999999999787e+00
-1.149000000000000021e+00
-1.282000000000000028e+00
-1.231000000000000094e+00
-9.939999999999999947e-01
-1.441999999999999948e+00
-2.016999999999999904e+00
-2.555000000000000160e+00
-1.399999999999999911e+00
-8.780000000000000027e-01
-8.309999999999999609e-01
-1.802999999999999936e+00
-1.241999999999999993e+00
-1.945999999999999952e+00
-1.713000000000000078e+00
-1.981000000000000094e+00
-1.020000000000000018e+00
-9.759999999999999787e-01
-1.014999999999999902e+00
-1.102999999999999980e+00
-1.643000000000000016e+00
-6.199999999999999956e-01
-5.500000000000000028e-02
4.030000000000000249e-01
3.599999999999999867e-01
2.660000000000000142e-01
2.700000000000000178e-01
3.300000000000000155e-01
1.089999999999999997e-01
2.989999999999999880e-01
-6.330000000000000071e-01
-2.428999999999999826e+00
-1.715999999999999970e+00
-6.999999999999999556e-01
-1.241000000000000103e+00
-9.719999999999999751e-01
-9.360000000000000542e-01
-3.780000000000000027e-01
-1.038999999999999924e+00
-1.066000000000000059e+00
-1.060999999999999943e+00
-1.550999999999999934e+00
-2.229000000000000092e+00
-2.092000000000000082e+00
-1.627000000000000002e+00
-5.989999999999999769e-01
-4.560000000000000164e-01
2.400000000000000050e-02
-1.130000000000000032e-01
1.799999999999999864e-02
1.799999999999999933e-01
-5.490000000000000435e-01
-7.000000000000000666e-02
-1.970000000000000084e-01
4.239999999999999880e-01
4.700000000000000011e-02
5.550000000000000488e-01
-1.900000000000000022e-01
4.229999999999999871e-01
5.080000000000000071e-01
-1.529999999999999971e-01
2.020000000000000129e-01
3.069999999999999951e-01
4.050000000000000266e-01
-5.390000000000000346e-01
-2.049999999999999878e-01
1.549999999999999989e-01
3.340000000000000191e-01
4.650000000000000244e-01
4.719999999999999751e-01
1.100000000000000006e-01
-2.330000000000000127e-01
-4.670000000000000262e-01
-2.129999999999999949e-01
-7.499999999999999722e-02
-2.379999999999999893e-01
3.619999999999999885e-01
3.950000000000000178e-01
-3.300000000000000155e-01
-4.380000000000000004e-01
-1.919999999999999929e+00
-1.920000000000000040e-01
-4.390000000000000013e-01
1.849999999999999978e-01
9.900000000000000466e-02
4.800000000000000100e-02
-6.720000000000000417e-01
-7.720000000000000195e-01
-9.120000000000000329e-01
-2.349999999999999867e-01
-4.590000000000000191e-01
-1.990000000000000102e-01
1.439999999999999891e-01
3.569999999999999840e-01
3.150000000000000022e-01
2.479999999999999982e-01
3.049999999999999933e-01
1.489999999999999936e-01
1.759999999999999898e-01
1.000000000000000021e-03
2.949999999999999845e-01
2.690000000000000169e-01
3.960000000000000187e-01
1.759999999999999898e-01
-2.640000000000000124e-01
2.030000000000000138e-01
3.719999999999999973e-01
1.539999999999999980e-01
1.069999999999999979e-01
-9.500000000000000111e-02
3.539999999999999813e-01
-2.580000000000000071e-01
-2.400000000000000050e-02
2.119999999999999940e-01
1.179999999999999938e-01
-8.719999999999999973e-01
-3.609999999999999876e-01
-2.680000000000000160e-01
-8.000000000000000167e-03
3.300000000000000155e-02
7.799999999999999989e-02
1.400000000000000029e-02
4.499999999999999833e-02
-3.300000000000000155e-02
-3.619999999999999885e-01
-5.060000000000000053e-01
-3.519999999999999796e-01
-1.175000000000000044e+00
-1.950000000000000067e-01
4.959999999999999964e-01
4.319999999999999951e-01
-3.049999999999999933e-01
-4.139999999999999791e-01
-8.349999999999999645e-01
-3.689999999999999947e-01
-8.599999999999999312e-02
5.500000000000000028e-02
-1.069999999999999979e-01
1.330000000000000071e-01
-4.510000000000000120e-01
-1.977000000000000091e+00
-1.687000000000000055e+00
-5.899999999999999689e-01
6.300000000000000044e-02
-3.699999999999999817e-02
3.639999999999999902e-01
4.599999999999999922e-02
-2.479999999999999982e-01
-2.849999999999999756e-01
-2.900000000000000147e-02
1.130000000000000032e-01
8.599999999999999312e-02
-6.320000000000000062e-01
-1.211000000000000076e+00
-2.829999999999999738e-01
-3.850000000000000089e-01
4.000000000000000083e-02
1.099999999999999936e-02
-3.049999999999999933e-01
-1.199999999999999956e-01
-1.710000000000000131e-01
-1.903000000000000025e+00
-2.232000000000000206e+00
-1.528999999999999915e+00
-1.570000000000000007e-01
-6.800000000000000488e-02
-3.659999999999999920e-01
2.620000000000000107e-01
3.639999999999999902e-01
4.309999999999999942e-01
7.499999999999999722e-02
-3.960000000000000187e-01
-5.380000000000000338e-01
-2.359999999999999876e-01
-6.720000000000000417e-01
-1.768000000000000016e+00
-1.096000000000000085e+00
-1.000000000000000000e+00
-1.062000000000000055e+00
-1.268999999999999906e+00
-1.879999999999999893e+00
-1.443000000000000060e+00
-1.465999999999999970e+00
-2.322000000000000064e+00
-1.298000000000000043e+00
-4.259999999999999898e-01
1.199999999999999956e-01
1.199999999999999956e-01
3.029999999999999916e-01
2.020000000000000129e-01
1.280000000000000027e-01
-6.999999999999999556e-01
-6.580000000000000293e-01
-1.179999999999999938e-01
-8.400000000000000522e-02
-2.710000000000000187e-01
-1.334000000000000075e+00
-9.429999999999999494e-01
-7.799999999999999989e-02
2.349999999999999867e-01
5.909999999999999698e-01
4.699999999999999734e-01
2.949999999999999845e-01
5.300000000000000266e-01
7.459999999999999964e-01
8.940000000000000169e-01
7.159999999999999698e-01
3.579999999999999849e-01
6.350000000000000089e-01
7.079999999999999627e-01
7.920000000000000373e-01
4.100000000000000172e-02
3.830000000000000071e-01
4.420000000000000040e-01
4.670000000000000262e-01
4.149999999999999800e-01
2.999999999999999889e-01
1.429999999999999882e-01
4.610000000000000209e-01
4.179999999999999827e-01
1.960000000000000075e-01
5.769999999999999574e-01
-8.400000000000000522e-02
2.119999999999999940e-01
1.950000000000000067e-01
1.600000000000000033e-02
3.810000000000000053e-01
5.909999999999999698e-01
5.330000000000000293e-01
1.239999999999999991e-01
-2.979999999999999871e-01
-1.280000000000000027e-01
-5.520000000000000462e-01
-1.477999999999999980e+00
-2.255999999999999783e+00
-1.165000000000000036e+00
-1.074000000000000066e+00
-1.731999999999999984e+00
-2.443999999999999950e+00
-1.006000000000000005e+00
-7.099999999999999367e-02
-2.640000000000000124e-01
7.499999999999999722e-02
2.740000000000000213e-01
2.109999999999999931e-01
2.020000000000000129e-01
-8.589999999999999858e-01
-8.439999999999999725e-01
-2.000000000000000111e-01
-1.509999999999999953e-01
-1.680000000000000104e-01
-1.150000000000000050e-01
-7.159999999999999698e-01
-7.900000000000000078e-02
1.799999999999999864e-02
-8.100000000000000533e-01
-1.840999999999999970e+00
-9.629999999999999671e-01
3.529999999999999805e-01
1.260000000000000009e-01
1.590000000000000024e-01
4.680000000000000271e-01
7.369999999999999885e-01
7.499999999999999722e-02
-1.282000000000000028e+00
-5.779999999999999583e-01
-8.400000000000000522e-02
-1.312000000000000055e+00
-2.939999999999999836e-01
1.499999999999999944e-01
-8.699999999999999400e-02
2.690000000000000169e-01
1.749999999999999889e-01
1.600000000000000033e-01
3.390000000000000235e-01
2.479999999999999982e-01
2.129999999999999949e-01
1.000000000000000021e-02
3.539999999999999813e-01
-3.099999999999999978e-02
7.399999999999999634e-02
-1.950000000000000067e-01
1.170000000000000068e-01
1.390000000000000124e-01
-1.187999999999999945e+00
-1.959000000000000075e+00
-2.357000000000000206e+00
-9.459999999999999520e-01
-1.459000000000000075e+00
-2.290000000000000091e-01
-2.710000000000000187e-01
1.630000000000000060e-01
3.099999999999999978e-02
1.570000000000000007e-01
-1.590000000000000024e-01
8.000000000000000167e-02
3.300000000000000155e-02
6.700000000000000400e-02
-9.739999999999999769e-01
-3.920000000000000151e-01
-4.239999999999999880e-01
-9.709999999999999742e-01
-2.182999999999999829e+00
-9.499999999999999556e-01
-2.409999999999999920e-01
-8.739999999999999991e-01
-6.099999999999999867e-01
-1.762000000000000011e+00
-2.166999999999999815e+00
-1.326999999999999957e+00
-2.919999999999999818e-01
-3.459999999999999742e-01
-3.300000000000000155e-02
-2.379999999999999893e-01
-1.590000000000000024e-01
-1.529999999999999971e-01
5.000000000000000104e-03
1.580000000000000016e-01
2.500000000000000000e-01
-1.010999999999999899e+00
-4.630000000000000226e-01
1.779999999999999916e-01
1.880000000000000004e-01
3.150000000000000022e-01
-1.439999999999999891e-01
-2.660000000000000142e-01
-2.750000000000000222e-01
-4.089999999999999747e-01
-2.670000000000000151e-01
-1.680000000000000104e-01
-3.360000000000000209e-01
-5.989999999999999769e-01
-1.179999999999999938e-01
-1.920000000000000040e-01
3.569999999999999840e-01
7.229999999999999760e-01
6.919999999999999485e-01
7.059999999999999609e-01
6.390000000000000124e-01
7.780000000000000249e-01
5.570000000000000506e-01
8.599999999999999312e-02
1.600000000000000033e-02
1.260000000000000009e-01
-5.659999999999999476e-01
1.779999999999999916e-01
3.400000000000000244e-02
1.449999999999999900e-01
5.330000000000000293e-01
4.430000000000000049e-01
-1.334000000000000075e+00
-1.683000000000000052e+00
-1.700000000000000122e-02
-1.215999999999999970e+00
-1.249000000000000110e+00
-4.699999999999999734e-01
-8.469999999999999751e-01
-6.330000000000000071e-01
-1.930000000000000049e-01
-7.900000000000000078e-02
-2.310000000000000109e-01
-3.880000000000000115e-01
-5.679999999999999494e-01
-1.769999999999999907e-01
-1.219000000000000083e+00
-2.064999999999999947e+00
-1.421999999999999931e+00
-1.749999999999999889e-01
2.349999999999999867e-01
9.500000000000000111e-02
2.520000000000000018e-01
3.629999999999999893e-01
5.200000000000000178e-01
4.269999999999999907e-01
-1.350000000000000089e-01
-1.235000000000000098e+00
-1.700000000000000122e-01
2.349999999999999867e-01
1.990000000000000102e-01
8.000000000000000167e-02
-6.810000000000000497e-01
-2.119999999999999940e-01
-2.580000000000000071e-01
2.039999999999999869e-01
3.870000000000000107e-01
1.479999999999999927e-01
4.869999999999999885e-01
3.009999999999999898e-01
2.760000000000000231e-01
-1.710000000000000131e-01
-2.849999999999999756e-01
-9.500000000000000111e-02
-1.549999999999999989e-01
1.910000000000000031e-01
9.500000000000000111e-02
5.050000000000000044e-01
8.300000000000000433e-02
4.709999999999999742e-01
7.610000000000000098e-01
1.044999999999999929e+00
7.560000000000000053e-01
9.559999999999999609e-01
1.145999999999999908e+00
-4.119999999999999774e-01
6.199999999999999956e-01
4.660000000000000253e-01
5.689999999999999503e-01
2.859999999999999765e-01
8.100000000000000255e-02
3.800000000000000044e-01
1.079999999999999988e-01
-1.610000000000000042e-01
-3.449999999999999734e-01
2.800000000000000058e-02
-2.341000000000000192e+00
-1.554999999999999938e+00
-3.780000000000000027e-01
-2.849999999999999756e-01
1.010000000000000064e-01
2.700000000000000178e-01
4.680000000000000271e-01
-5.829999999999999627e-01
-2.218999999999999861e+00
-8.709999999999999964e-01
-1.381999999999999895e+00
-1.399000000000000021e+00
-4.560000000000000164e-01
2.750000000000000222e-01
5.300000000000000266e-01
3.770000000000000018e-01
2.349999999999999867e-01
-5.440000000000000391e-01
-7.499999999999999722e-02
2.780000000000000249e-01
2.159999999999999976e-01
1.930000000000000049e-01
4.879999999999999893e-01
6.929999999999999494e-01
3.699999999999999956e-01
-2.200000000000000011e-01
9.700000000000000289e-02
-9.779999999999999805e-01
4.800000000000000100e-02
2.700000000000000178e-01
-7.099999999999999367e-02
-6.640000000000000346e-01
3.380000000000000226e-01
4.279999999999999916e-01
2.359999999999999876e-01
-6.510000000000000231e-01
-1.151999999999999913e+00
4.460000000000000075e-01
8.159999999999999476e-01
-2.720000000000000195e-01
-4.660000000000000253e-01
1.910000000000000031e-01
4.859999999999999876e-01
6.229999999999999982e-01
4.670000000000000262e-01
-5.490000000000000435e-01
-2.620000000000000107e-01
-1.749999999999999889e-01
-1.940000000000000058e-01
-1.582999999999999963e+00
-2.550000000000000044e-01
-3.300000000000000155e-01
2.780000000000000249e-01
2.299999999999999961e-02
-3.960000000000000187e-01
-7.159999999999999698e-01
-2.220000000000000029e-01
5.120000000000000107e-01
5.160000000000000142e-01
4.450000000000000067e-01
8.020000000000000462e-01
1.203000000000000069e+00
-1.660000000000000087e-01
3.089999999999999969e-01
-4.689999999999999725e-01
2.169999999999999984e-01
-3.439999999999999725e-01
8.389999999999999680e-01
5.500000000000000444e-01
-5.430000000000000382e-01
1.120000000000000023e-01
1.819999999999999951e-01
-4.000000000000000083e-03
2.760000000000000231e-01
-3.029999999999999916e-01
8.439999999999999725e-01
1.098999999999999977e+00
-3.300000000000000155e-02
-6.780000000000000471e-01
-9.180000000000000382e-01
-1.076999999999999957e+00
-6.540000000000000258e-01
-7.149999999999999689e-01
-4.700000000000000011e-02
-2.100000000000000130e-02
2.129999999999999949e-01
1.839999999999999969e-01
8.000000000000000167e-03
-4.510000000000000120e-01
2.560000000000000053e-01
1.270000000000000018e-01
-2.520000000000000018e-01
2.909999999999999809e-01
-5.999999999999999778e-02
5.210000000000000187e-01
5.500000000000000028e-02
5.610000000000000542e-01
-3.790000000000000036e-01
-6.330000000000000071e-01
6.000000000000000125e-03
2.500000000000000139e-02
1.039999999999999952e-01
-2.580000000000000071e-01
-2.829999999999999738e-01
-1.049999999999999961e-01
2.939999999999999836e-01
3.380000000000000226e-01
6.750000000000000444e-01
5.739999999999999547e-01
2.760000000000000231e-01
6.250000000000000000e-01
6.710000000000000409e-01
9.989999999999999991e-01
6.239999999999999991e-01
6.640000000000000346e-01
-9.669999999999999707e-01
-7.599999999999999811e-02
-6.979999999999999538e-01
-2.049999999999999878e-01
2.359999999999999876e-01
4.590000000000000191e-01
-2.159999999999999976e-01
-5.060000000000000053e-01
-1.098999999999999977e+00
-5.130000000000000115e-01
4.700000000000000011e-02
-5.600000000000000117e-02
1.150000000000000050e-01
2.530000000000000027e-01
-1.360000000000000098e-01
-1.799999999999999933e-01
2.599999999999999881e-02
2.240000000000000047e-01
6.000000000000000125e-03
5.020000000000000018e-01
2.560000000000000053e-01
1.046000000000000041e+00
1.022000000000000020e+00
9.839999999999999858e-01
9.100000000000000311e-01
-2.310000000000000109e-01
-3.649999999999999911e-01
-3.190000000000000058e-01
-1.260000000000000009e-01
-3.320000000000000173e-01
2.560000000000000053e-01
5.969999999999999751e-01
9.849999999999999867e-01
1.098999999999999977e+00
1.145000000000000018e+00
9.929999999999999938e-01
4.369999999999999996e-01
8.229999999999999538e-01
8.139999999999999458e-01
6.720000000000000417e-01
3.930000000000000160e-01
5.080000000000000071e-01
2.260000000000000064e-01
3.449999999999999734e-01
4.819999999999999840e-01
-4.299999999999999933e-01
-2.109999999999999931e-01
1.529999999999999971e-01
-4.480000000000000093e-01
-4.319999999999999951e-01
-4.819999999999999840e-01
-2.530000000000000027e-01
-7.710000000000000187e-01
-2.650000000000000133e-01
-4.700000000000000011e-02
1.819999999999999951e-01
9.500000000000000111e-02
-2.399999999999999911e-01
-1.839999999999999969e-01
4.499999999999999833e-02
-3.310000000000000164e-01
-1.125999999999999890e+00
-1.475000000000000089e+00
-1.058999999999999941e+00
-8.030000000000000471e-01
-3.870000000000000107e-01
-3.130000000000000004e-01
-4.099999999999999756e-01
-3.400000000000000244e-01
-3.240000000000000102e-01
-2.099999999999999922e-01
-8.999999999999999320e-03
1.200000000000000025e-02
2.770000000000000240e-01
-5.399999999999999939e-02
-4.399999999999999745e-02
-1.170000000000000068e-01
-2.320000000000000118e-01
-1.600000000000000033e-01
-5.769999999999999574e-01
3.420000000000000262e-01
4.719999999999999751e-01
4.799999999999999822e-01
5.639999999999999458e-01
4.839999999999999858e-01
1.539999999999999980e-01
4.480000000000000093e-01
3.800000000000000044e-01
5.809999999999999609e-01
6.949999999999999512e-01
4.109999999999999765e-01
3.910000000000000142e-01
4.079999999999999738e-01
2.079999999999999905e-01
-3.190000000000000058e-01
-3.810000000000000053e-01
-2.900000000000000147e-02
-4.060000000000000275e-01
-2.230000000000000038e-01
-9.800000000000000377e-02
-1.066000000000000059e+00
-9.599999999999999645e-01
-1.374000000000000110e+00
-1.596999999999999975e+00
-1.485999999999999988e+00
-1.842000000000000082e+00
-1.558000000000000052e+00
-5.649999999999999467e-01
9.700000000000000289e-02
1.799999999999999933e-01
2.939999999999999836e-01
2.270000000000000073e-01
2.720000000000000195e-01
5.250000000000000222e-01
6.320000000000000062e-01
4.139999999999999791e-01
2.290000000000000091e-01
2.819999999999999729e-01
3.899999999999999994e-02
2.790000000000000258e-01
-1.869999999999999996e-01
-1.950000000000000067e-01
2.530000000000000027e-01
2.310000000000000109e-01
1.140000000000000041e-01
-5.869999999999999662e-01
-2.079999999999999905e-01
-8.799999999999999489e-02
4.430000000000000049e-01
4.149999999999999800e-01
4.680000000000000271e-01
5.410000000000000364e-01
4.279999999999999916e-01
3.310000000000000164e-01
5.120000000000000107e-01
4.289999999999999925e-01
9.600000000000000200e-02
-6.510000000000000231e-01
-3.790000000000000036e-01
-9.449999999999999512e-01
-6.850000000000000533e-01
-8.760000000000000009e-01
-6.750000000000000444e-01
-1.110999999999999988e+00
-9.020000000000000240e-01
-9.190000000000000391e-01
-1.233999999999999986e+00
-8.980000000000000204e-01
-1.659000000000000030e+00
-2.065999999999999837e+00
-1.697999999999999954e+00
-2.112000000000000099e+00
-1.816000000000000059e+00
-1.743000000000000105e+00
-2.513999999999999790e+00
-2.483000000000000096e+00
-2.495000000000000107e+00
-2.696000000000000174e+00
-2.091000000000000192e+00
-1.286000000000000032e+00
-6.229999999999999982e-01
-1.838999999999999968e+00
-1.070999999999999952e+00
-1.945999999999999952e+00
-2.097999999999999865e+00
-1.169999999999999929e+00
-2.266999999999999904e+00
-1.846999999999999975e+00
-1.256999999999999895e+00
-5.040000000000000036e-01
-8.449999999999999734e-01
-1.310000000000000053e+00
-1.052999999999999936e+00
-1.810999999999999943e+00
-1.693999999999999950e+00
-1.556999999999999940e+00
-1.155000000000000027e+00
-1.254000000000000004e+00
-9.609999999999999654e-01
-7.179999999999999716e-01
-7.249999999999999778e-01
-7.810000000000000275e-01
-4.550000000000000155e-01
-1.620000000000000051e-01
-8.000000000000000167e-02
-4.849999999999999867e-01
-5.550000000000000488e-01
-7.059999999999999609e-01
-8.379999999999999671e-01
-5.600000000000000533e-01
-6.600000000000000311e-01
-1.949999999999999956e+00
-2.177999999999999936e+00
-1.421000000000000041e+00
-8.719999999999999973e-01
-1.044000000000000039e+00
-9.230000000000000426e-01
-3.970000000000000195e-01
-3.649999999999999911e-01
-3.760000000000000009e-01
-1.529999999999999971e-01
-3.049999999999999933e-01
-1.187000000000000055e+00
-1.806000000000000050e+00
-9.050000000000000266e-01
-5.400000000000000355e-01
-1.423999999999999932e+00
-1.389999999999999902e+00
-1.620000000000000107e+00
-2.248000000000000220e+00
-2.237999999999999989e+00
-1.604999999999999982e+00
-1.570999999999999952e+00
-1.441999999999999948e+00
-1.324000000000000066e+00
-1.052999999999999936e+00
-7.980000000000000426e-01
-4.779999999999999805e-01
-9.589999999999999636e-01
-1.131000000000000005e+00
-1.560000000000000053e+00
-1.274999999999999911e+00
-1.465999999999999970e+00
-6.550000000000000266e-01
-7.119999999999999662e-01
-1.104999999999999982e+00
-6.250000000000000000e-01
-1.548999999999999932e+00
-8.149999999999999467e-01
-3.270000000000000129e-01
-1.264000000000000012e+00
-1.433999999999999941e+00
-1.155000000000000027e+00
-8.279999999999999583e-01
-1.177000000000000046e+00
-1.935000000000000053e+00
-1.391999999999999904e+00
-1.064999999999999947e+00
-1.201999999999999957e+00
-1.215999999999999970e+00
-9.619999999999999662e-01
-1.832000000000000073e+00
-2.185999999999999943e+00
-2.630999999999999783e+00
-1.330999999999999961e+00
-7.970000000000000417e-01
-4.109999999999999765e-01
-3.200000000000000067e-02
-5.869999999999999662e-01
-1.542000000000000037e+00
-2.431000000000000050e+00
-2.500000000000000000e+00
-2.926000000000000156e+00
-1.979999999999999982e+00
-1.840000000000000080e+00
-1.669000000000000039e+00
-1.768999999999999906e+00
-1.500999999999999890e+00
-2.037999999999999812e+00
-1.526000000000000023e+00
-2.059000000000000163e+00
-1.838000000000000078e+00
-8.880000000000000115e-01
-4.510000000000000120e-01
-6.590000000000000302e-01
-8.970000000000000195e-01
-5.000000000000000000e-01
-1.310000000000000053e+00
-9.489999999999999547e-01
-7.289999999999999813e-01
-1.147999999999999909e+00
-1.475999999999999979e+00
-1.737999999999999989e+00
-2.545999999999999819e+00
-2.403999999999999915e+00
-2.415000000000000036e+00
-2.395000000000000018e+00
-2.025999999999999801e+00
-1.475999999999999979e+00
-1.312999999999999945e+00
-1.086999999999999966e+00
-1.346999999999999975e+00
-1.090999999999999970e+00
-7.109999999999999654e-01
-4.229999999999999871e-01
-1.524999999999999911e+00
-1.671000000000000041e+00
-1.951999999999999957e+00
-2.281000000000000139e+00
-1.383999999999999897e+00
-1.647999999999999909e+00
-2.096000000000000085e+00
-1.870999999999999996e+00
-2.184000000000000163e+00
-2.295999999999999819e+00
-2.279999999999999805e+00
-1.919000000000000039e+00
-1.685000000000000053e+00
-1.877000000000000002e+00
-2.282999999999999918e+00
-2.036000000000000032e+00
-1.532999999999999918e+00
-1.114999999999999991e+00
-1.143000000000000016e+00
-1.324999999999999956e+00
-2.081999999999999851e+00
-9.819999999999999840e-01
-7.269999999999999796e-01
-5.999999999999999778e-01
-4.460000000000000075e-01
-7.169999999999999707e-01
-3.079999999999999960e-01
1.499999999999999944e-02
-6.889999999999999458e-01
-2.039999999999999869e-01
4.299999999999999656e-02
-3.599999999999999728e-02
3.709999999999999964e-01
6.129999999999999893e-01
4.929999999999999938e-01
8.899999999999999578e-02
6.700000000000000400e-02
-9.300000000000000488e-01
-3.200000000000000067e-01
-9.859999999999999876e-01
-2.560000000000000053e-01
-8.279999999999999583e-01
-5.889999999999999680e-01
-2.999999999999999889e-01
1.059999999999999970e-01
-4.800000000000000100e-02
-5.380000000000000338e-01
-6.919999999999999485e-01
-1.316000000000000059e+00
-8.529999999999999805e-01
-2.059999999999999887e-01
-6.380000000000000115e-01
-4.079999999999999738e-01
-7.089999999999999636e-01
-4.000000000000000222e-01
6.000000000000000125e-03
-2.400000000000000050e-02
-7.399999999999999634e-02
1.200000000000000025e-02
-1.620000000000000051e-01
3.300000000000000155e-02
-3.280000000000000138e-01
3.799999999999999906e-02
1.010000000000000064e-01
-7.399999999999999634e-02
-1.328999999999999959e+00
-1.697000000000000064e+00
-2.156000000000000139e+00
-1.169999999999999929e+00
-1.280999999999999917e+00
-1.125999999999999890e+00
-3.800000000000000044e-01
-2.909999999999999809e-01
-3.270000000000000129e-01
-1.610000000000000042e-01
-2.819999999999999729e-01
2.680000000000000160e-01
1.559999999999999998e-01
-2.600000000000000089e-01
2.760000000000000231e-01
-1.670000000000000095e-01
-1.010000000000000064e-01
3.200000000000000067e-02
3.170000000000000040e-01
5.299999999999999850e-02
-2.489999999999999991e-01
-5.000000000000000278e-02
-1.052999999999999936e+00
-5.809999999999999609e-01
-2.230000000000000038e-01
-1.380000000000000115e-01
-2.790000000000000258e-01
-3.599999999999999867e-01
-5.230000000000000204e-01
-3.900000000000000133e-01
-3.960000000000000187e-01
-1.970000000000000084e-01
-4.380000000000000004e-01
4.700000000000000011e-02
1.670000000000000095e-01
-9.549999999999999600e-01
-2.879999999999999782e-01
-1.580999999999999961e+00
-9.859999999999999876e-01
-4.149999999999999800e-01
-7.900000000000000078e-02
3.799999999999999906e-02
1.990000000000000102e-01
2.100000000000000130e-02
-6.510000000000000231e-01
-3.370000000000000218e-01
2.780000000000000249e-01
3.109999999999999987e-01
-7.299999999999999545e-02
-9.150000000000000355e-01
-1.372000000000000108e+00
-2.226999999999999869e+00
-2.359999999999999876e+00
-1.137999999999999901e+00
-5.099999999999999672e-02
6.500000000000000222e-02
-1.385999999999999899e+00
-2.470000000000000195e+00
-2.177999999999999936e+00
-1.260000000000000009e+00
-1.159999999999999920e+00
-1.050999999999999934e+00
-9.110000000000000320e-01
-9.689999999999999725e-01
-7.840000000000000302e-01
-4.249999999999999889e-01
-4.470000000000000084e-01
-4.149999999999999800e-01
-3.549999999999999822e-01
-2.800000000000000266e-01
4.499999999999999833e-02
-3.240000000000000102e-01
-5.099999999999999672e-02
2.230000000000000038e-01
1.799999999999999933e-01
2.839999999999999747e-01
4.859999999999999876e-01
5.540000000000000480e-01
4.749999999999999778e-01
-4.359999999999999987e-01
-5.290000000000000258e-01
-2.379999999999999893e-01
-1.520000000000000018e+00
-1.975999999999999979e+00
-2.685999999999999943e+00
-2.935000000000000053e+00
-1.594000000000000083e+00
-5.959999999999999742e-01
-3.000000000000000062e-03
4.100000000000000172e-02
2.859999999999999765e-01
3.489999999999999769e-01
3.699999999999999956e-01
3.639999999999999902e-01
4.699999999999999734e-01
4.779999999999999805e-01
4.739999999999999769e-01
1.299999999999999940e-02
-2.600000000000000089e-01
-1.131000000000000005e+00
-1.564000000000000057e+00
-1.895000000000000018e+00
-1.895999999999999908e+00
-1.346000000000000085e+00
-1.181000000000000050e+00
-1.028999999999999915e+00
-1.856000000000000094e+00
-1.241999999999999993e+00
-5.140000000000000124e-01
-8.200000000000000344e-02
5.000000000000000000e-01
2.989999999999999880e-01
-6.800000000000000488e-02
8.999999999999999320e-03
-2.630000000000000115e-01
-3.270000000000000129e-01
-2.200000000000000011e-01
2.989999999999999880e-01
2.510000000000000009e-01
3.270000000000000129e-01
-4.000000000000000083e-02
-7.700000000000000178e-01
3.089999999999999969e-01
5.849999999999999645e-01
9.190000000000000391e-01
1.098000000000000087e+00
1.270999999999999908e+00
1.147000000000000020e+00
1.201000000000000068e+00
1.135999999999999899e+00
1.320000000000000062e+00
1.260999999999999899e+00
1.332999999999999963e+00
1.120999999999999996e+00
1.526999999999999913e+00
1.284000000000000030e+00
1.413000000000000034e+00
1.417999999999999927e+00
1.790999999999999925e+00
1.808000000000000052e+00
1.743999999999999995e+00
1.931999999999999940e+00
1.943000000000000060e+00
1.344999999999999973e+00
1.786000000000000032e+00
1.419999999999999929e+00
1.163999999999999924e+00
1.264999999999999902e+00
1.235999999999999988e+00
1.447999999999999954e+00
1.405999999999999917e+00
1.774000000000000021e+00
1.715999999999999970e+00
2.100000000000000089e+00
1.820999999999999952e+00
1.197999999999999954e+00
7.199999999999999456e-02
-1.743999999999999995e+00
-2.552999999999999936e+00
-2.196000000000000174e+00
-2.527000000000000135e+00
-4.219999999999999862e-01
4.600000000000000200e-01
4.540000000000000147e-01
1.229999999999999982e-01
4.809999999999999831e-01
5.719999999999999529e-01
6.149999999999999911e-01
7.289999999999999813e-01
2.590000000000000080e-01
1.809999999999999942e-01
1.059999999999999970e-01
1.140000000000000041e-01
3.970000000000000195e-01
-2.580000000000000071e-01
-4.239999999999999880e-01
1.610000000000000042e-01
6.570000000000000284e-01
8.060000000000000497e-01
3.439999999999999725e-01
5.150000000000000133e-01
5.310000000000000275e-01
9.919999999999999929e-01
1.022999999999999909e+00
1.262000000000000011e+00
1.243000000000000105e+00
5.460000000000000409e-01
9.979999999999999982e-01
1.411999999999999922e+00
1.294999999999999929e+00
1.076999999999999957e+00
8.429999999999999716e-01
8.339999999999999636e-01
1.042999999999999927e+00
9.889999999999999902e-01
1.114999999999999991e+00
1.223999999999999977e+00
1.131999999999999895e+00
1.229000000000000092e+00
1.316000000000000059e+00
1.366999999999999993e+00
7.650000000000000133e-01
6.949999999999999512e-01
1.165000000000000036e+00
-1.362999999999999989e+00
-1.356999999999999984e+00
-1.020999999999999908e+00
-3.130000000000000004e-01
-6.660000000000000364e-01
1.199999999999999956e-01
5.050000000000000044e-01
1.160000000000000059e-01
9.629999999999999671e-01
9.929999999999999938e-01
1.290999999999999925e+00
1.481999999999999984e+00
1.510999999999999899e+00
1.247999999999999998e+00
6.159999999999999920e-01
6.330000000000000071e-01
-6.049999999999999822e-01
-1.469999999999999973e+00
-2.404999999999999805e+00
-2.157999999999999918e+00
-3.619999999999999885e-01
-2.033999999999999808e+00
-2.232000000000000206e+00
-1.100999999999999979e+00
-8.890000000000000124e-01
-1.620000000000000107e+00
-2.517999999999999794e+00
-1.967999999999999972e+00
-1.185999999999999943e+00
-7.459999999999999964e-01
-7.199999999999999456e-02
-1.099999999999999936e-02
-2.399999999999999911e-01
-6.959999999999999520e-01
-7.960000000000000409e-01
-1.229999999999999982e-01
3.900000000000000133e-01
7.209999999999999742e-01
8.900000000000000133e-01
8.790000000000000036e-01
9.509999999999999565e-01
8.399999999999999689e-01
9.310000000000000497e-01
2.590000000000000080e-01
5.100000000000000089e-01
-3.250000000000000111e-01
2.510000000000000009e-01
4.620000000000000218e-01
2.489999999999999991e-01
5.420000000000000373e-01
7.900000000000000355e-01
9.180000000000000382e-01
3.579999999999999849e-01
1.024999999999999911e+00
7.670000000000000151e-01
8.189999999999999503e-01
1.519999999999999962e-01
3.380000000000000226e-01
1.719999999999999862e-01
1.739999999999999880e-01
1.759999999999999898e-01
-1.354000000000000092e+00
-8.950000000000000178e-01
-1.768999999999999906e+00
-2.209999999999999964e+00
-1.167000000000000037e+00
-7.249999999999999778e-01
-4.929999999999999938e-01
-2.248000000000000220e+00
-8.090000000000000524e-01
-1.114999999999999991e+00
-2.169999999999999929e+00
-4.799999999999999822e-01
-1.940000000000000058e-01
-4.229999999999999871e-01
-3.370000000000000218e-01
-1.014999999999999902e+00
-8.379999999999999671e-01
9.700000000000000289e-02
-8.199999999999999512e-01
-1.314000000000000057e+00
-1.913999999999999924e+00
-1.469999999999999973e+00
-1.618999999999999995e+00
-5.200000000000000178e-01
-2.398000000000000131e+00
-9.509999999999999565e-01
-1.747999999999999998e+00
-1.548000000000000043e+00
6.700000000000000400e-02
1.092000000000000082e+00
1.241000000000000103e+00
1.362000000000000099e+00
1.122000000000000108e+00
8.699999999999999956e-01
-3.039999999999999925e-01
-1.026000000000000023e+00
-5.699999999999999512e-01
4.670000000000000262e-01
9.180000000000000382e-01
7.920000000000000373e-01
-1.074999999999999956e+00
-3.770000000000000018e-01
5.020000000000000018e-01
7.870000000000000329e-01
1.118999999999999995e+00
1.062000000000000055e+00
1.098000000000000087e+00
1.231000000000000094e+00
9.989999999999999991e-01
1.302000000000000046e+00
1.024000000000000021e+00
9.859999999999999876e-01
9.959999999999999964e-01
8.669999999999999929e-01
-6.810000000000000497e-01
-1.620000000000000051e-01
5.689999999999999503e-01
1.129999999999999893e+00
5.330000000000000293e-01
-5.530000000000000471e-01
-2.544999999999999929e+00
-1.437999999999999945e+00
-5.590000000000000524e-01
-8.559999999999999831e-01
3.280000000000000138e-01
5.789999999999999591e-01
1.710000000000000131e-01
-1.199999999999999956e-01
-2.039999999999999869e-01
-2.129999999999999949e-01
-6.109999999999999876e-01
1.630000000000000060e-01
6.500000000000000222e-01
6.540000000000000258e-01
3.910000000000000142e-01
7.109999999999999654e-01
8.599999999999999867e-01
8.050000000000000488e-01
3.850000000000000089e-01
-7.640000000000000124e-01
-4.000000000000000222e-01
-1.399999999999999911e+00
-2.065999999999999837e+00
-2.282000000000000028e+00
-6.750000000000000444e-01
-1.969000000000000083e+00
-3.659999999999999920e-01
4.749999999999999778e-01
9.000000000000000222e-01
8.189999999999999503e-01
5.070000000000000062e-01
5.320000000000000284e-01
-1.489999999999999936e-01
4.689999999999999725e-01
7.610000000000000098e-01
4.010000000000000231e-01
-1.122999999999999998e+00
-4.769999999999999796e-01
2.280000000000000082e-01
-2.099999999999999922e-01
-2.233000000000000096e+00
-6.320000000000000062e-01
-1.334000000000000075e+00
-2.899999999999999800e-01
4.959999999999999964e-01
1.219000000000000083e+00
9.519999999999999574e-01
5.799999999999999600e-01
-1.108999999999999986e+00
-5.030000000000000027e-01
4.299999999999999933e-01
-2.000000000000000042e-03
-2.083000000000000185e+00
-2.869999999999999774e-01
-2.690000000000000169e-01
-9.140000000000000346e-01
4.420000000000000040e-01
4.869999999999999885e-01
-1.568000000000000060e+00
-1.610999999999999988e+00
-2.600999999999999979e+00
-2.181000000000000050e+00
-8.120000000000000551e-01
-1.068000000000000060e+00
-8.729999999999999982e-01
-6.730000000000000426e-01
-6.330000000000000071e-01
-5.480000000000000426e-01
-6.300000000000000044e-01
-2.190000000000000002e-01
-8.439999999999999725e-01
3.699999999999999817e-02
-6.500000000000000222e-02
3.140000000000000013e-01
3.140000000000000013e-01
5.899999999999999689e-02
-5.360000000000000320e-01
-1.340000000000000080e-01
-5.620000000000000551e-01
-1.538000000000000034e+00
-4.139999999999999791e-01
-6.310000000000000053e-01
-7.880000000000000338e-01
-1.980000000000000093e-01
-9.769999999999999796e-01
-6.710000000000000409e-01
-1.360000000000000098e-01
6.750000000000000444e-01
8.820000000000000062e-01
8.870000000000000107e-01
6.550000000000000266e-01
8.139999999999999458e-01
9.500000000000000111e-02
-2.059999999999999887e-01
-1.950000000000000067e-01
-5.300000000000000266e-01
-5.000000000000000000e-01
-6.099999999999999867e-02
2.129999999999999949e-01
7.599999999999999811e-02
-4.839999999999999858e-01
-2.419999999999999929e-01
-1.989000000000000101e+00
-2.742999999999999883e+00
-2.633999999999999897e+00
-2.661999999999999922e+00
-2.517999999999999794e+00
