3.826076875647915210e-01
2.213383532431494327e-01
2.104282085641446740e-02
1.804877711901193282e-01
2.603124476776336738e-01
1.522124883622369140e-01
1.119755221471109910e-02
-4.688336141932326201e-02
8.583915814310810743e-02
2.105304139106200234e-01
-5.958839239901634333e-01
-7.040015025425341300e-01
-4.178035348906167235e-02
1.741148944351783301e-01
-1.276579062152407018e-01
1.464223622112436896e-01
3.684135171426453637e-01
2.906297654817703857e-01
3.175886088981074717e-01
5.098671187150928263e-01
4.355755523724747502e-01
4.385376325661012875e-01
7.456308923500711838e-01
7.395938804223124441e-01
6.894742628530546869e-01
6.655118270573107120e-01
7.741992451233615791e-01
5.792809256342079660e-01
5.357073490625496870e-01
2.085998113944182442e-01
1.364702094662890164e-01
4.462438385710559841e-01
3.037093256508053285e-01
4.217681610076398080e-01
4.677837875269533763e-01
3.097554903157944128e-01
5.317265879080858015e-01
2.566263889053466141e-01
2.995239633931815471e-01
5.310291325766862691e-01
4.613683517817545043e-01
8.299891159205300406e-01
6.780933729997954407e-01
3.679686459010651500e-01
3.202316875776186622e-01
-4.782954432466450523e-02
4.588285678300086934e-01
3.831234276672957906e-01
4.754252909885116063e-01
3.519992228638024745e-01
2.248146897543512046e-01
9.857281580915114305e-02
-3.153890438802440799e-01
2.464157481937044591e-01
2.130816378686292978e-01
2.698105899424141363e-01
4.486232045984926420e-01
2.034196357200157568e-01
6.124940500186463188e-01
4.869008605288125957e-01
4.797988843759655175e-01
1.020512510269797404e-02
9.974702658740156394e-03
-7.018869103203526083e-03
1.930884771550894219e-01
-7.769168226893968798e-02
-2.187322286013386810e-03
-1.059783555784091086e-01
-3.558978471214753192e-01
-3.210277141661338485e-01
2.600069156361840828e-02
-2.773167030119846888e-01
-2.524823159253019797e-02
-3.398994373726182960e-02
3.102338746001341852e-01
-6.990661296133759972e-02
1.400142097829316090e-01
5.465960841306199969e-01
6.332926249911999816e-01
5.132986414246620832e-01
7.248104449933723270e-01
7.157393685411519435e-01
5.886156338954501299e-01
5.116963907734899397e-01
8.684909992417071400e-01
9.362353836530825646e-01
9.750523585644759184e-01
1.042189124864337790e+00
8.899000685623661422e-01
9.967449583158560777e-01
1.035837719365251930e+00
7.802062711544938134e-01
6.863228105834809911e-01
8.913116415428712358e-01
-1.594439597442356693e-01
1.918393667729143270e-01
5.685862189840351633e-01
5.431409217130460654e-01
6.951451276766290599e-01
4.867341485589994909e-01
6.079315531196227695e-01
6.308859617482032167e-01
8.523424769724681216e-01
4.982958060121221444e-01
7.290738287576847831e-01
8.297605134801614435e-01
1.101195712163694829e+00
8.487087927877837723e-01
1.042446606370472706e+00
8.512548977894049962e-01
8.170318641627398737e-01
7.077508475623708328e-01
1.115690086542340032e+00
-1.840019816647787410e-01
-5.021977770105285899e-01
-3.474228627691036686e-01
-2.732368272083799954e-01
-1.235593525975696577e-01
-1.647220709294276164e-01
1.067888248184457600e-01
1.792990316469209311e-01
-3.873897179734242524e-02
-2.429711988146398827e-01
1.977728366654632752e-01
1.611385495661628031e-01
1.102482903789637203e-01
4.100848548973342611e-01
4.396498157292792475e-01
6.173054269103226410e-01
5.257994240969003918e-01
1.065057670821365265e+00
1.093175714554288636e+00
1.231175342298196806e+00
1.093877734636782062e+00
1.056125097299220883e+00
1.189825776856887174e+00
6.370283309750511824e-01
6.717129612480501333e-01
1.064628706372428901e+00
5.957567513373233092e-01
8.479447545289570121e-01
-1.013560720696538020e+00
-1.187499719309159429e+00
7.937314257015053165e-02
5.843659288427224263e-01
-9.518085232701286591e-01
5.744747720810341463e-01
3.491794987868018230e-01
3.519029537883344161e-01
-2.335911948102120217e+00
-2.506691642825844113e+00
-1.236009496370818361e+00
-1.061619049589478170e+00
-1.618115961246290979e+00
-1.436168470679813902e+00
-1.618691210555222249e+00
-1.593092147142190163e+00
-1.438787583227297828e+00
-1.514371117569280001e+00
-1.473413065238670772e+00
-2.631362165164971678e+00
-1.944943462121678124e+00
-6.579173736047589927e-01
-8.236645004136269876e-02
-2.233840996580598315e-01
1.242606989107947202e-01
6.365674843316957432e-01
5.475162745730033365e-01
8.161000447086920184e-01
8.891443161967340636e-01
1.077339698723176697e+00
7.756047541164996506e-01
3.961637443625216082e-01
1.020702238293356379e+00
1.103173147165469548e+00
7.883197869970428595e-01
9.345348393219873318e-01
1.047337308178041493e+00
5.931937022179772923e-01
8.751472269245906821e-01
6.412831874595149584e-01
1.150494034567432822e+00
1.101535433464508662e+00
-1.047658725519686057e-01
5.957535649731677818e-01
4.557749496157487146e-01
5.619253288785471812e-01
1.130688176287040214e-01
5.193769135476350440e-01
3.120785860404787226e-01
4.619173105038362204e-01
8.145671961765428293e-01
5.339582525194622731e-01
5.170110025512258956e-01
4.907866858387893716e-01
1.891300354548933749e-01
-1.431357880305482999e-01
1.270903347342791645e-01
-8.007966898323684024e-01
-1.341028841168569359e-02
-3.311001802695574536e-01
7.212566964310841711e-02
2.216067251426851736e-01
-3.069797944650130006e-01
-4.526664809189527294e-01
-5.951315284583832965e-02
-3.100301785385565223e-01
-2.526168354177991682e-01
-2.864653623872177590e-01
-4.076076871158090809e-01
-1.346955222449030209e+00
-1.110224349942097399e+00
-3.436387434106574768e-01
1.268615525254160603e-01
-2.251950124106045503e-01
3.508245972523428569e-02
2.612941770172710898e-01
2.033530235260459784e-01
4.613884387241724006e-01
4.543931182719113671e-01
5.150083439262421736e-01
7.966351140255364394e-01
-2.407270084947274180e-01
-2.042244219003184202e+00
-4.427710115371980559e-01
2.035556054976635221e-01
2.105283083773151764e-01
6.710199048399726474e-01
4.919999254861179838e-01
1.276621716281120811e-01
-5.553101487793214025e-02
-9.600291679526076205e-01
-2.153515139055991678e+00
-1.512757102934630282e+00
-1.428620405113281588e+00
-7.974661986318916096e-01
-1.059664516599172490e+00
-1.081277515878522055e-01
-6.094413309689161728e-02
1.563105107651791836e-01
2.849442396040084979e-01
3.303091262907248415e-01
-3.355732693460452554e-01
-1.359135767028889274e+00
-1.633876712146565824e+00
-1.366370819793804481e+00
-1.098838685923333447e+00
-3.496674916858284465e-01
-7.170147743663116691e-01
-1.272185997127642243e-01
3.915764020212452179e-01
7.570236803434753359e-01
-4.414958783256804631e-02
3.793524623160399734e-01
-1.046055842982400064e+00
-9.137559754538478185e-02
1.437015584629801890e-01
4.849103505376302081e-01
-4.036495292110428568e-01
9.666162788723241250e-02
9.754900561343061993e-02
5.445134343522372022e-01
7.647285574722325618e-01
1.897160604261107775e-01
-6.645337346722119190e-03
8.165409849404344778e-01
8.572604417498594920e-01
5.662882968010362061e-01
4.631350152327383674e-01
1.248101317636929747e-01
3.972746773512038643e-01
-3.846403285105158831e-01
-1.167205709331087665e-01
-2.352342161347320201e-02
-4.380546098813686839e-01
-6.759624080571638993e-01
-4.510530038962204391e-02
-4.182807147400625647e-01
-1.085603152205262933e+00
-1.172780342617567584e+00
-4.037067200991654170e-01
-1.112830208949090682e+00
-1.111920001831399940e+00
-1.168492922108132159e+00
-6.129063365534505037e-01
-1.231149068917743561e+00
-5.543672052257015981e-01
1.176503913434764209e-03
-1.900546776959593370e-02
-1.296585409667038391e+00
-3.406991937481217980e-01
-6.963894208250195339e-01
1.507339822835565835e-01
7.408443143132937836e-01
8.040878772932167490e-03
2.655399927366308699e-01
3.854637947758423611e-01
6.102541949320219317e-01
7.668897607521043547e-01
8.148617950957719458e-01
2.985130360503385760e-01
5.103513026693655696e-01
9.714432198082838255e-02
-6.144611714765452204e-01
-1.443744237013918408e+00
-2.318587428377577808e+00
-1.368893834870893667e+00
-2.431501502737888565e+00
-5.396411366280912114e-01
-2.479292802100852899e+00
-1.429452780421253344e+00
-6.986493858229910758e-01
-5.607358079255869709e-01
-1.300648483198717509e-01
2.037579698932068528e-01
2.512803721372795507e-01
5.224719518588512024e-01
5.092754485568176115e-01
5.229428599284497992e-01
1.700841383173892774e-01
-2.955578283897393466e-02
1.522551214121701524e-01
4.832883319459229665e-01
4.674420231082054844e-01
8.863021763079921289e-01
4.270158504267667632e-01
-2.088200845115776971e+00
-7.380715175724416044e-01
-3.065274837124885021e-01
-2.153403212790052645e+00
-3.575119682078644057e-01
-2.894250797718934676e-01
1.684613055921820313e-01
1.203548886709177590e-01
-1.571242199389085714e-01
-3.633649599968004074e-01
-9.113035568957540689e-02
1.577015637427140182e-01
3.478359633901940140e-01
2.355176305615732935e-01
2.270814496953704464e-01
-6.576932604347529576e-02
5.680794965339522884e-01
7.627252422921659836e-01
4.050821009951308671e-01
6.135391556216458486e-01
8.589618459960496333e-01
4.232293992930659110e-01
5.788670083150829759e-01
4.819388979344917945e-01
2.903345357335992971e-01
-1.679981753619235740e-01
1.597817271456349608e-01
4.807683323904919925e-01
-6.190885341766300121e-01
-3.141992969813068304e-01
-2.264013379436042861e-01
-4.436021811156212191e-01
-1.162696654487747061e-01
6.417915848196000805e-01
9.827236554986938932e-01
-2.691710985331277617e-01
2.127283989145816179e-01
6.136816807121876494e-01
2.114439020857461216e-01
7.637200816307998519e-01
7.067510083658243847e-01
4.249231988691560269e-01
-4.946533377163072828e-03
8.090743842347499770e-01
1.210023689400087088e+00
3.959770533597221642e-01
4.544026960861246023e-01
7.747724937332807205e-01
7.118831743779666654e-01
7.515410483639352046e-01
6.610102220556373087e-01
8.534202708326872333e-01
6.937250339291715084e-01
-2.334443447440534905e-02
-4.053200617807046768e-01
2.248964557285889065e-01
3.621986690393772523e-01
6.460611162646043848e-01
7.797712393977727086e-01
2.040258275444795377e-01
7.544741167239168433e-01
9.862394280591014750e-01
4.715217306259177898e-01
6.976647572148969578e-01
8.097907433652943299e-01
1.496948963268293076e-01
2.401041206058266986e-01
3.489103765689064995e-01
4.569968266520016420e-01
-1.418094203153533073e+00
-3.185615388294378569e-02
6.834335180949782096e-01
6.397459470844768514e-01
3.452143396935857811e-01
-6.481015614633428915e-03
-9.279086248685470828e-01
-4.432099850977633815e-01
5.586519911209074374e-02
4.185351148738756244e-01
-2.424723634987644427e-01
1.129355096927516788e-01
1.385096367858087291e-02
-2.490558918343542538e-01
-1.890441202290895850e+00
-1.551350575200790338e+00
-4.563938424662660753e-01
-1.755210241780507108e-01
1.602397932376343759e-01
9.128901866784806807e-02
-4.006839197335986258e-01
-2.994916025721705566e-01
-1.298464085441077831e-01
-3.658117864736433189e-01
-2.110282899902770293e+00
-5.738996701674023981e-01
8.692996298678906664e-02
3.201660573644281305e-02
-1.303809341199874794e+00
-1.205072160005000725e+00
-1.615701387631691466e+00
-1.166354351461104999e+00
-8.053419843498617059e-01
-6.307353510860634893e-01
-1.371006388834653533e+00
-1.938662184290401047e+00
-2.074366478167185335e+00
-1.532286999267448824e+00
-7.045616969283444719e-01
-3.864480422334103937e-01
8.796881748318391425e-02
-1.399486186946674593e-02
-7.464427961899758324e-02
-6.403945804334642000e-01
-6.788849395466798331e-01
4.283169917731546872e-03
-9.085561708298015571e-01
-5.500684533223495487e-01
-1.745706162853064847e-01
-8.008587503861562540e-02
5.545921295899136627e-01
2.903494494758133149e-01
-6.964828400782484552e-01
-2.295776182833021706e-01
3.962304488508838207e-01
6.024228136551802448e-01
6.797701645343483534e-01
7.026352822355955707e-01
7.342324587274814407e-01
4.967623791936338629e-01
7.142389745788358946e-01
1.581306077220186179e-01
6.955607731163726548e-01
4.542956502882469216e-01
3.162102277732841138e-01
-1.259604197533239267e+00
-2.021817441521776448e+00
-1.113164906929090314e+00
-1.317280332767672091e+00
-1.888045976866560727e+00
-1.250331279231387649e+00
-2.409718618317736594e-01
-9.188597641762736856e-01
-5.884306808945816147e-01
-5.041410309755287589e-01
-5.816784786788042894e-01
-2.021521609598591951e+00
-1.146535240379232157e+00
-4.349137942805485491e-01
-3.623307040947054691e-01
-2.521053721556546501e-01
-1.279719322123189063e+00
-1.060843141823940128e+00
-8.878105545558577782e-01
-1.128277982599155127e+00
-9.174344053715907110e-01
-7.198107138418611273e-01
-1.134329733136578255e+00
-2.414816885930266999e+00
-9.781524813528685858e-01
5.396193576393882793e-03
3.060316564978725618e-01
-1.088657482837802198e-01
-2.067771294612061328e-01
2.349549844099800000e-01
-3.709110514977906892e-01
9.274615809272483691e-02
5.003499181085616643e-01
4.487907488484853546e-01
5.403546765595466095e-01
7.777363477026326688e-01
4.011224739916176008e-01
6.411113966460111335e-01
4.261139306114662406e-01
3.805273108862446407e-01
6.587766049830109383e-01
2.939930586005650576e-02
-1.264810981675235091e+00
-9.567008665285776647e-01
-4.561292983493749897e-01
-2.390736895520032823e-01
-3.421449422147589958e-01
-1.185120172006733918e+00
-8.881355449409963354e-01
2.349195532018633348e-01
-2.520082147692610519e-01
5.108839058248959564e-01
6.228802587544213232e-01
-4.338166036033146988e-01
5.189483737807514263e-01
4.327751765528830008e-01
9.091558962574636249e-01
1.103604877521540795e+00
1.013276881916080452e+00
7.225342206392737499e-01
7.107735268191175404e-01
6.601021155466665347e-01
3.426732062740177609e-01
-1.378289876096849276e-01
-1.714455401199909357e+00
-9.915266103391660035e-01
8.521700118857469808e-02
4.629357485896882229e-01
-1.731388456212510141e+00
-8.567616878876188613e-01
-7.136361524094774200e-01
1.664276170001752165e-03
4.689051018374830737e-01
3.846287412639273762e-01
-1.975060069920022920e+00
-2.245351178392558378e+00
-6.177882913044404622e-01
-1.823543308735099400e+00
-9.843992261710362568e-01
-1.805031280739778143e+00
-2.542404135781944685e+00
-9.969961652437460131e-01
-7.616063737011800061e-01
-8.314110617238024137e-01
-3.435071722683872841e-01
3.935486355062300379e-01
4.294807037296841101e-01
-7.653888128765254373e-02
3.960058658732820147e-01
4.179171648620501056e-01
-1.629454869585313048e+00
-4.598426568406646098e-01
-1.454188135783701097e-01
-1.495925632575715591e-01
-5.132021850317008971e-01
-1.720411790178594913e+00
-2.610137000080135383e+00
-1.744693180467861815e+00
-1.095422259062930337e+00
-5.643116090611982605e-01
-3.918788724398702961e-01
-3.228663897973596542e-01
-2.074542164529395549e+00
-1.281667622012242491e+00
-4.370813363703718313e-01
-1.444678131700450063e-01
2.633671484953176711e-01
4.466332521566794278e-01
7.523042303864251046e-02
-1.292082997003314970e+00
-1.022779562635693695e+00
7.351812900795692829e-02
3.598356692638779997e-01
3.324267336640718828e-01
3.700572451669689178e-01
-3.722429040512559295e-01
2.496888667868540079e-01
2.498157859166123540e-01
6.544761644411709045e-02
1.638893893998339957e-01
-5.729111024584224721e-01
-9.003837748936078800e-01
-1.461955397114006239e+00
-2.216458185930461955e+00
-1.977199035017083606e+00
-9.988844364031395084e-01
-5.417383770407507848e-01
-1.259208416461928159e+00
-2.012968940170499099e+00
-1.074046182878750200e+00
-1.309421627659692833e+00
-1.786826937147187877e+00
-9.497944902954514879e-01
-9.754512141640160339e-01
-1.672343174802673360e+00
-7.723962416090482397e-02
-1.116867815960527643e+00
-3.151323955831892842e-01
-4.325924058622509505e-01
-9.922036929425354090e-01
2.137417503847866829e-01
-1.170036441449619630e-01
4.331105499951359850e-01
7.320974754468113632e-01
1.037833103684159930e+00
2.078616791195085078e-01
-2.655727963304839179e-01
-1.261168067539243376e+00
-3.247530659753611326e-01
1.832716773036162095e-01
3.662163795190066518e-01
1.151509245858552827e-01
-4.132329713600901844e-01
-6.798363297251539539e-01
-1.947464942295551227e+00
-9.922338541543480606e-01
-1.221985531071324571e+00
-1.195808067356157744e+00
-1.098601616817143523e+00
-1.381171628363512482e+00
-1.875196072522598234e+00
-2.355974801923947926e+00
-1.664492452678858259e+00
-8.471253174789860063e-01
-8.603166155942404414e-01
-2.078413820807992085e+00
-1.210830347377251703e+00
-2.265300775936747169e+00
-1.397444118886901121e+00
-1.830081367212755605e+00
-1.021727576514229741e+00
-7.640238573602553540e-01
-7.854945092776842719e-01
-1.077593602460416911e+00
-1.844713944229635638e+00
-4.786111076670678255e-01
-7.686725795162434316e-03
5.130952261663831449e-01
6.167471095538842318e-01
4.464778259760435741e-01
5.181755292946113034e-01
4.213111078560559108e-01
4.357136272847872416e-01
4.583829534570111330e-01
-4.478057635567147532e-01
-2.402888280686834133e+00
-1.609383826412467577e+00
-8.313977071490873394e-01
-1.206696832130697006e+00
-7.795526034931239412e-01
-9.174581454125102509e-01
-6.384304047795364978e-01
-1.148237787730102877e+00
-1.269206383241243019e+00
-1.029480411155479835e+00
-1.383291474084785699e+00
-2.113042459571689236e+00
-1.985076137489110382e+00
-1.647043451955315208e+00
-4.029680073992874534e-01
-5.057912336744533333e-01
3.390600870911387177e-01
-5.226493651761431741e-02
3.562946961981086624e-01
3.589495737371010686e-01
-8.661418680144351567e-01
4.090922626257121469e-02
-6.587443222458651271e-02
3.896930024663023961e-01
1.555354342011292801e-01
5.200680083502381423e-01
-2.601298330956233751e-02
3.938644302769798156e-01
5.951830563779380023e-01
5.987553246063877233e-02
2.382572596985411406e-01
4.845413263878832755e-01
6.211456768279518537e-01
-6.210803813315359800e-01
5.899067595136908010e-02
2.475981758085815942e-01
4.886072106202206666e-01
4.805787575104194520e-01
5.569149339725184555e-01
2.652760153930791009e-01
-2.173193062024022792e-01
-2.015816153960462154e-01
-1.497686001102581377e-01
1.981713342183657744e-01
-2.475685289710221892e-01
5.649937431668723420e-01
4.929586099574047586e-01
-4.861987625070680052e-01
-5.385178346824952555e-01
-1.983556657040502325e+00
-3.493448050363334029e-02
-4.183088184153692102e-01
3.303115787537991843e-01
1.854544427983924049e-01
7.992682032064218900e-02
-8.165061766790011610e-01
-6.784986547936031620e-01
-8.816277982470218655e-01
-2.260231913102363765e-01
-2.931085609572067763e-01
-2.574205703876542364e-02
2.112646491611500366e-01
4.804257104737628681e-01
4.959548123569025302e-01
3.806377188721866145e-01
5.188289117547879581e-01
3.585558203908956743e-01
4.118384047295239325e-01
2.185234978836122499e-01
3.385081407848779533e-01
3.821439760722121770e-01
6.314307701121778527e-01
3.157911358827383275e-01
-1.956874778711147900e-01
3.345548475351290407e-01
5.259417644526968028e-01
2.918440879987232450e-01
3.073844040515680831e-01
1.052765805312426833e-01
4.282894543250056474e-01
-1.360452121219624388e-01
1.026098145117537302e-01
2.082670318676182464e-01
9.424851406872546133e-02
-1.057276097078677868e+00
-1.777184382269534901e-01
-4.807442844130405679e-01
2.002325368360493296e-01
1.806653870820398300e-01
5.645736629784556954e-02
1.957318094111768214e-01
1.442456277543104071e-01
1.514830217825685887e-01
-1.475693619513271382e-01
-1.993973882540713283e-01
-1.921207813783966656e-01
-1.352537605671819687e+00
-1.171521022744254209e-01
3.728056000949954152e-01
3.761738866327509756e-01
-4.144719406510418702e-01
-3.616107561538406401e-01
-9.358117886951540232e-01
-8.441820697024740583e-02
-9.709609544399008807e-02
2.286854591051546703e-01
8.051791497540444764e-02
2.410682980274903020e-01
-5.088288093238125809e-01
-2.370802196899270520e+00
-1.704804339666653457e+00
-7.045190371597747081e-01
1.183369710488177129e-01
-4.921600806830842955e-04
3.524841469164295971e-01
1.666151023504285345e-01
-1.737864169448096463e-01
-8.443236299480562368e-02
5.979291904410258263e-02
1.025666707434316482e-01
1.738040261546983656e-01
-4.639739177805043413e-01
-1.352719390522468146e+00
-3.527381837683241095e-01
-2.319550503646150286e-01
-8.877535995742572017e-02
2.052812131673844021e-01
-5.777452621112067616e-02
-1.119600573493108042e-01
2.028050845885621262e-02
-2.293404163949850361e+00
-2.167983842638959935e+00
-1.810225981897344738e+00
-3.682357943521771260e-01
-9.378148313754207377e-02
-8.617955024158949207e-02
4.071120615260451214e-01
3.729274244063738308e-01
4.149591509616967211e-01
3.847624587016813535e-01
-1.598011581333065312e-01
-6.494043100898813092e-01
-1.625273318926020449e-01
-1.108885333756955527e+00
-1.748710938154224070e+00
-1.238458214673527902e+00
-1.264646836922831863e+00
-1.572168712008651603e+00
-9.840330395245446837e-01
-1.973867535783948135e+00
-1.504398348305588495e+00
-1.275496489085817586e+00
-2.618993963913681444e+00
-1.721713846920305935e+00
-5.057178519678470208e-01
2.372807117553586698e-02
1.775584993054266092e-01
4.060005676268541586e-01
3.496243924084965204e-01
3.360470897365486764e-01
-8.791571254825879533e-01
-7.869739648002250787e-01
3.795165480451664908e-02
-3.510216851714259567e-02
-2.851579038683418332e-01
-1.426992524849556299e+00
-1.358789779414681709e+00
-1.141276342540366862e-01
1.944831329022962962e-01
4.875734794542455064e-01
5.256681828920191091e-01
3.718635462179144535e-01
5.687633584687029620e-01
6.745658177980042858e-01
1.003116813874694424e+00
7.036548307178355222e-01
5.138446542542834949e-01
6.341639411407485882e-01
6.115429742240721112e-01
6.711972021888333861e-01
-5.250689917910327832e-03
4.623823053370584302e-01
4.924190706892550007e-01
4.693562810943340269e-01
4.809838051825017224e-01
5.862790605596850391e-01
3.491644325065646481e-01
5.280898256173410799e-01
5.469993254698591878e-01
4.629479260034427002e-01
5.794445979334087449e-01
7.309745145276484724e-02
3.031604966403582679e-01
4.198720559273143582e-01
1.927088049366767475e-01
3.492310332609632750e-01
5.161262195179754375e-01
5.772136840074814090e-01
7.412466947168257214e-02
-4.503340670034510218e-01
-3.116053969306582516e-01
-4.285320316120425077e-01
-1.152627671854558722e+00
-2.157560062250689636e+00
-1.376709310825195542e+00
-9.749462041984329197e-01
-1.069986061612042461e+00
-2.537496870626736900e+00
-1.059783866593410284e+00
-2.344237275890467820e-02
-1.123218329358993683e-01
2.005347814574745535e-01
4.303426418739487169e-01
3.474579684098854648e-01
2.310167413874111286e-01
-1.076792085680138511e+00
-7.984326941521310284e-01
-1.516658949397865219e-01
-9.761832320037583388e-02
-1.085364834975096615e-01
5.201585649686873980e-02
-7.303367798979825132e-01
-8.589455067716220832e-03
1.720826677309232056e-01
-9.010733836045168310e-01
-2.119329229974326267e+00
-9.836023634844082153e-01
2.858018868342773189e-01
1.378357050096953584e-01
1.541518062361893759e-01
5.734109412489123425e-01
6.777818333666639772e-01
1.908470139121074827e-01
-1.515788501783030817e+00
-7.473638404271457647e-01
-1.079116557843583235e-01
-1.164473982339099711e+00
-2.014783895785118295e-01
-2.248991574015334494e-03
8.807092613322009544e-02
2.203656722876105312e-01
3.453470794445662739e-01
3.302097595136828101e-01
5.067177877984185841e-01
4.663118773221934799e-01
6.443842477450039130e-01
5.778838309612185919e-02
4.851455855584544397e-01
2.609039773150989561e-01
1.811773643492868013e-01
2.876844304737031024e-02
3.594113265619516828e-01
2.689879528781944917e-01
-1.602272297940722012e+00
-1.999450435273010696e+00
-2.272673893805205569e+00
-7.517557462430172199e-01
-1.514624864555257799e+00
-3.131746790774102979e-02
-3.160760806835946068e-01
2.454227606600600797e-01
7.327843013646966053e-02
2.769281665180434171e-01
8.533624141660235696e-03
1.499913902919679798e-01
3.227085562381255129e-02
2.033931445678953398e-01
-9.217554682642231656e-01
-2.073735154075826981e-01
-1.799564289217656377e-01
-6.596556767534160759e-01
-2.162064856389724010e+00
-9.593951243489713399e-01
-2.675629568465743291e-01
-6.708227745424709676e-01
-3.947131141005473243e-01
-1.695259366089467923e+00
-1.693724504489469318e+00
-1.108070067233771772e+00
-2.249116866030619333e-01
-2.584706936773693564e-01
-1.738706265073584334e-01
-1.957453194178956912e-01
-8.797553656542535239e-02
4.391205598437866731e-02
8.925164837843509169e-02
4.535043003116243643e-01
4.435394662334602445e-01
-1.342191077377267394e+00
-5.497585589015467900e-01
1.892291203456888393e-01
1.533424950832454059e-01
2.791780408247904743e-01
-1.328645955026593051e-01
-4.880176830763570117e-01
-6.536741641137918668e-01
-4.185329838089882903e-01
-7.305058949462683859e-01
-2.200775898164206434e-01
-3.982885080700586111e-01
-6.811824977278013726e-01
-1.814862035094464421e-01
-2.165985920402358766e-01
3.913827047262172787e-01
6.395740983379197830e-01
5.984960661175711127e-01
6.745607248694834857e-01
6.354847811017606540e-01
7.405717181872650823e-01
6.816204339554193803e-01
1.539952569461290888e-01
1.864607961789522816e-01
6.621681252483457847e-02
-5.721262062073668719e-01
2.087547869560447411e-01
1.272225140758083684e-01
4.483571524495936211e-01
6.131089235197196841e-01
5.578697100095585393e-01
-1.505089514545286056e+00
-1.259951875888152717e+00
-2.202924173150943438e-02
-1.195825461916750765e+00
-1.052634629274980638e+00
-5.545024319973548277e-01
-7.753629806374889855e-01
-6.590028107930060441e-01
-1.833666032482461905e-01
-6.164423527532837677e-02
-2.636670263908980419e-02
-6.576306575473319649e-01
-6.536337135814327404e-01
-3.389197045861186419e-01
-6.433599447869484678e-01
-2.089026952652225599e+00
-1.638955150966769692e+00
-8.453813344028805743e-02
3.464200509630043778e-01
1.788840377731194253e-01
2.331910335476377327e-01
4.484549164260684395e-01
5.780756817534438152e-01
6.039473871980512998e-01
-4.356815308653217422e-01
-9.548000038012731672e-01
-6.340988652008713866e-02
3.240464556412009367e-01
2.512740482240948814e-01
2.329082198519937252e-01
-5.598446817441927736e-01
-4.426319992539247579e-03
-1.426502029044491304e-01
2.395148695084707569e-01
4.185143735059888015e-01
2.789605001586446531e-01
4.545655607130236753e-01
3.954974396126562097e-01
3.682120493618304402e-01
-7.571668533679515312e-02
-3.346126921462608816e-01
-3.364697454761431672e-01
-3.524591137326497647e-01
1.027029673521112907e-01
6.529563811930549910e-02
4.058375033509639129e-01
1.024323207066243219e-01
5.104162188353920104e-01
4.867679237866195940e-01
5.905685346106034350e-01
7.193724335323188335e-01
7.571925604930128673e-01
8.080271576555454471e-01
-7.754946311336118336e-01
5.353086587109036065e-01
3.854506149870192688e-01
3.502232258873047011e-01
3.793339183732610115e-02
2.722914543480237648e-01
3.882763078745791741e-01
1.644250144363535726e-01
-1.293035352090590451e-01
3.842823022860845233e-02
2.367171659551685903e-01
-2.163487361495981531e+00
-1.241431496301394155e+00
-1.168222044263568932e-01
-2.386020145924633851e-01
1.814273888146476776e-01
4.862417519844596803e-01
4.898222237636658538e-01
-4.475219813162110705e-01
-2.186766372015013449e+00
-6.662290125674240615e-01
-1.118265268431085646e+00
-1.421348813210565165e+00
-5.062348717297369127e-01
3.302034475855022411e-01
6.543240842809134872e-01
3.506681927958254508e-01
3.775876426715362721e-01
-6.862609430942920863e-01
5.130269005785664804e-02
2.698520523168448926e-01
3.641050614409849784e-01
4.150144606825874050e-01
5.826090486468818996e-01
7.333357177508331715e-01
5.339812314036624930e-01
-1.325355419082631207e-02
2.096236135637136733e-01
-1.094819302710522635e+00
9.110511180840299983e-02
3.639105030532730489e-01
3.581262703257277052e-02
-5.986475480998609822e-01
3.491151297922652774e-01
3.794333990266727241e-01
3.578545404084073067e-01
-6.210958927645224836e-01
-8.733428713176630831e-01
5.012962707979964350e-01
7.000773112623622785e-01
-5.142844743670157426e-01
-5.233720604126950171e-01
2.407384078681153727e-01
5.783457210082222355e-01
5.963361893672485259e-01
6.002534655080606907e-01
-1.049110723859615790e+00
-2.848691066069863331e-01
-8.692001045264007367e-03
-7.853853175845827705e-02
-1.408327898870621375e+00
-2.589517743090806179e-01
-1.313376795269980690e-01
2.784867006756383545e-01
1.407440634721351114e-01
-6.626883229509675788e-01
-2.993968155786533858e-01
-3.732201621175578188e-01
2.069770441281495454e-01
4.896987569873280099e-01
6.546224413680048482e-01
6.643371692158608344e-01
1.153413668697238048e+00
-6.553233998734587784e-01
4.280995606230844075e-01
-1.004903243403703517e+00
3.427006207775548097e-01
-3.507708726683578804e-01
7.085039177535065180e-01
6.763664497334442860e-01
-6.166286410621205638e-01
2.792274809773661048e-01
4.002624040257541926e-01
1.394798034229095818e-01
4.633589253967428379e-01
-1.774090712051458185e-01
8.924766904219934016e-01
1.092328053902493989e+00
-3.532981561229314171e-01
-5.613060330949574128e-01
-9.995644692457393843e-01
-1.062662786549991578e+00
-7.621587884428936421e-01
-8.563722588178936945e-01
-2.279456674314555287e-01
2.008368438512098397e-01
1.611373532379526685e-01
3.365704938996253448e-01
-3.432761527389115858e-02
-5.272152577261927098e-01
3.181716107043767727e-01
3.193601059789817342e-01
-2.727523875821847299e-01
5.416721474205383746e-01
-1.172357499624493982e-01
5.984218975516721883e-01
3.126122349726944138e-01
8.376500067031140695e-01
-3.182569116577103618e-01
-4.652825184308023165e-01
1.912741085765561344e-01
-4.016515602881393088e-02
2.307228569303033661e-01
-1.555117339200755011e-01
-2.542832805936620644e-01
9.891117853014938510e-02
3.368093173262236562e-01
3.731721206377728306e-01
7.072206625773905797e-01
5.980569268622039081e-01
3.535377614237986132e-01
5.957740677405408691e-01
6.236555585523014811e-01
1.104056452913178221e+00
5.009080671586958466e-01
6.737304571171736089e-01
-1.295538829020794536e+00
2.259369061443348981e-02
-9.135908612808523177e-01
-2.571241238710811339e-01
2.268210619267734818e-01
4.632853688142890003e-01
4.538418635734125378e-02
-8.305330836522477611e-01
-8.027704427176095558e-01
-6.955764539347366604e-01
1.826452196657688820e-01
-8.422676834283486513e-02
2.298843183315691929e-01
4.088388534432115806e-01
-1.953912364894653253e-01
-1.789319197379419246e-01
3.966775544682776128e-02
1.682442367750745793e-01
-5.776295417597438614e-02
3.284176811404346807e-01
3.892383906307700925e-01
1.031916541155883049e+00
1.170089198382900708e+00
1.173788656129595820e+00
1.022438713573946556e+00
-2.663911144818325583e-01
-4.611501326617035712e-01
-1.517803710219574609e-01
-5.792723552187101915e-02
-6.340122932207947759e-02
5.092566956114809029e-01
6.603151535771009106e-01
1.033876215992733716e+00
1.163480649369790232e+00
1.152922534256158649e+00
1.038419407165584563e+00
5.799578935047601247e-01
8.898748661878805866e-01
7.579240331588419366e-01
7.915070304087060693e-01
2.637335443277643021e-01
6.096204606295034800e-01
2.950966822294251446e-01
4.871945533831832376e-01
7.065416849585142156e-01
-7.314717443435273525e-01
3.104437913814074579e-02
1.245172831282879838e-01
-5.429211508664654184e-01
-1.908463567318213205e-01
-3.248114169226189452e-01
-8.019371453690884999e-02
-5.854008702606987580e-01
-1.524823282341958852e-01
3.156199505808476857e-02
4.431715377631463282e-01
1.011875112830215723e-01
-4.279230583409589922e-03
-3.087792736236099830e-02
1.627154120146889482e-01
-5.472274279488670290e-02
-8.247740873280628993e-01
-1.456895927266173452e+00
-8.832217244833712178e-01
-8.613094958922845601e-01
-6.030853320724921529e-01
-4.321896155120611982e-01
-2.876764566937700662e-01
-4.867981617889655666e-01
-3.272631657550638118e-01
5.016038812272983344e-02
-8.345568318608123648e-02
1.604119313026227678e-01
2.902021542960824263e-01
2.146537932590796560e-01
2.969308948380097908e-03
-9.132998206144139763e-02
-2.102024431660981518e-01
2.155046062971775409e-02
-5.815805959240061274e-01
3.174891975144266132e-01
3.906990238031010643e-01
6.308390845238547318e-01
6.226419456850489365e-01
5.221743553566055018e-01
3.612210184230921772e-01
5.543364680683452450e-01
4.809942926195431845e-01
6.385438753463925643e-01
6.074817792468947264e-01
3.301714817443915373e-01
4.260661241759949314e-01
2.720156008294625227e-01
1.051143284091562574e-01
-3.047626842534493230e-01
-2.809341893176484084e-01
1.509589977237534852e-01
-1.227818003124844515e-01
-2.990998544762647413e-02
-1.146624160754667471e-01
-8.048684651208191099e-01
-7.906202064328295975e-01
-8.771525771717010311e-01
-1.511427365209117912e+00
-1.228844636312958372e+00
-1.970584879595728589e+00
-1.746220554337547082e+00
-4.852660104710548872e-01
2.873843622827390032e-01
2.785006741768787375e-01
3.677418986187073191e-01
3.334138526959340987e-01
2.210601470711961170e-01
6.850142379562104145e-01
7.042546282587115458e-01
6.708872858902897862e-01
3.949861422588654691e-01
5.709432622525922874e-01
1.820320200811667566e-01
3.574000691437713706e-01
-1.666853736826356680e-01
1.612212102446197448e-01
5.222523909367313699e-01
4.009615303618401239e-01
1.030401795626304517e-01
-3.941740272133101852e-01
-2.792492456154980762e-01
8.268938044449712643e-02
3.835286841428201532e-01
5.300728195941136756e-01
5.623737269522572912e-01
5.448262063597886229e-01
4.620218093144846661e-01
4.134993808615678446e-01
6.152489101578632047e-01
4.918727734514196648e-01
2.707441598679538042e-01
-1.142472881343551183e+00
-1.212344631989408228e+00
-9.943194844899856388e-01
-1.099386120488600405e+00
-1.125877362242610147e+00
-1.106550396857146179e+00
-9.733401969682973220e-01
-9.718881205420264457e-01
-1.273974709507688541e+00
-1.137139568662683731e+00
-1.360915916001807613e+00
-1.412548317049906688e+00
-1.607361031452483102e+00
-1.382358611700858830e+00
-1.626851626932074524e+00
-1.238735492499107416e+00
-1.278392317541770407e+00
-1.884678130713809185e+00
-2.208015985022219407e+00
-2.342812427092156646e+00
-2.338461038262222402e+00
-1.259690807973757876e+00
-1.239259924814447134e+00
-1.151924721578204691e+00
-1.228888415007813872e+00
-1.075043688800380703e+00
-1.280500473867094424e+00
-1.434623133185697119e+00
-1.243204092394034399e+00
-1.505249197829333196e+00
-1.132538814934360039e+00
-1.067546087345715655e+00
-1.222887319824904617e+00
-1.095080464215837379e+00
-1.121782164182375752e+00
-1.287845696466274115e+00
-1.263783527585507160e+00
-1.150611529321507343e+00
-1.144402534208844635e+00
-1.107281823705552837e+00
-1.038958057235856769e+00
-9.674449065429939765e-01
-7.950380233554505960e-01
-1.131997410828342598e+00
-9.816086706188412725e-01
-1.015083957313885898e+00
-1.139880171593515401e+00
-9.575816889951190847e-01
-8.705126060594756687e-01
-8.672285425882088061e-01
-7.746978106202084824e-01
-8.426208007013491486e-01
-1.010687686302515376e+00
-9.800007388897313820e-01
-1.755295483502073095e+00
-1.696262709676115810e+00
-1.138623895318430668e+00
-1.106588696495835578e+00
-1.021209427515491042e+00
-1.086551595952200966e+00
-1.054983881504355292e+00
-8.986102638114725760e-01
-7.755883077410696824e-01
-9.568359594029185455e-01
-8.340018801355505440e-01
-7.658052897652003477e-01
-1.207248120003932668e+00
-8.962391081533678250e-01
-1.080546984190037696e+00
-1.165492634107092806e+00
-1.090326924351602056e+00
-1.271636766385204398e+00
-1.680684614621704487e+00
-1.424521988724759103e+00
-1.185128616066370544e+00
-1.055425097266956991e+00
-1.094371184236197170e+00
-8.404765062492902672e-01
-9.959655051193105901e-01
-1.157474767136780214e+00
-1.055577963500542227e+00
-9.564569463696813711e-01
-9.469982670432897098e-01
-1.203637047426839857e+00
-9.922164440171491462e-01
-1.119110683260327255e+00
-1.106924536428340655e+00
-1.026444352100845503e+00
-9.126464842361289298e-01
-8.801724752912787331e-01
-1.050347473786333641e+00
-1.085591606818583355e+00
-1.048711484669851757e+00
-1.294994849552793648e+00
-1.151144442959837866e+00
-9.629800748052904646e-01
-1.003563291431331717e+00
-8.884040415754482778e-01
-1.349926602878543269e+00
-9.654579680001567077e-01
-1.030679311738579296e+00
-8.277504477907184910e-01
-9.792074835008709455e-01
-1.105776396145548901e+00
-1.531096391778154597e+00
-1.834585001063398169e+00
-2.185134432826090212e+00
-1.088522674804183854e+00
-1.029797626889277007e+00
-1.005017608088821346e+00
-1.207240857262938949e+00
-1.189137432683470719e+00
-1.328918142573271233e+00
-1.970650271159301914e+00
-1.665647433971076508e+00
-2.404095536458794591e+00
-1.193831230812119948e+00
-1.308174426708302196e+00
-1.196555295352306869e+00
-1.149771219373209918e+00
-1.171789473862046460e+00
-1.233923636790952960e+00
-1.196069284354247531e+00
-1.264909763800689424e+00
-1.192089457777287143e+00
-1.021309998710759004e+00
-1.117800082627887326e+00
-1.060323320600511598e+00
-1.074686419785779723e+00
-1.057581134523012167e+00
-1.273890900481664756e+00
-1.303618741025363903e+00
-1.218681684030207268e+00
-1.027578129073701385e+00
-1.414137647967296685e+00
-1.551493702534544994e+00
-1.691723016192389517e+00
-1.738692999097436243e+00
-1.680376033763501420e+00
-1.733620188513912419e+00
-1.406501608655887914e+00
-1.068594190695323798e+00
-1.020672584201527844e+00
-1.116808432359669423e+00
-9.372980726825314024e-01
-1.021027274797629225e+00
-1.153058198534787415e+00
-1.201569722775744697e+00
-8.405597959904494987e-01
-1.083085860022755087e+00
-1.272838760262769320e+00
-1.279786752531399507e+00
-1.059595184737521123e+00
-1.056905367017310304e+00
-1.251725906954607836e+00
-1.255451432533096989e+00
-1.252616629483997102e+00
-1.567027122060069333e+00
-1.556223917600589424e+00
-1.287298628862262095e+00
-1.133274159282913862e+00
-1.171892787123147039e+00
-1.360152957847633681e+00
-1.329977369456897485e+00
-9.874896616842812058e-01
-1.056554203580318152e+00
-1.107952978505031272e+00
-1.041202719288103484e+00
-1.470605771763854763e+00
-1.295088056319859460e+00
-1.018724159883072744e+00
-1.013032254302193680e+00
-9.092683499968250427e-01
-1.039883125048705281e+00
-1.022201906091788848e+00
-1.033370713377452343e+00
-1.008987555002194059e+00
-1.177455784628802515e+00
-1.220623237705829256e+00
-1.121047185428656334e+00
-1.210114162042788655e+00
-1.164206525719536200e+00
-1.260430017336837460e+00
-1.088537775005929742e+00
-1.142201230257814615e+00
-1.308496055804746039e+00
-1.267395068595901231e+00
-1.039635724034166486e+00
-1.067436337293912851e+00
-1.110860343693864882e+00
-1.167404705180562940e+00
-1.146235287905781774e+00
-1.208770655614141543e+00
-1.165835863858059707e+00
-1.117924780039867505e+00
-1.118512524855480361e+00
-1.264871808030408662e+00
-9.595653732565422311e-01
-1.103670066855963139e+00
-1.040631633068333173e+00
-1.075861662831636867e+00
-9.822317494165496710e-01
-1.122038409634273703e+00
-1.118065445064591046e+00
-1.100107346727672741e+00
-1.094033633165896191e+00
-1.113992776307480392e+00
-1.055188230025295715e+00
-1.026449313470461977e+00
-1.082281009481047551e+00
-1.063866404456714765e+00
-1.090636214437228801e+00
-9.943134976934243641e-01
-1.484055795747589723e+00
-1.890685964848990430e+00
-2.085528157876820554e+00
-1.207040576372603091e+00
-1.140170426551734950e+00
-1.135307939387508736e+00
-1.024822471811005498e+00
-1.069313122057798049e+00
-1.025110388145164420e+00
-1.062896850513174840e+00
-9.250324863011438747e-01
-1.024242205698839836e+00
-1.114591422538282028e+00
-1.029572200137831794e+00
-1.108054375901010857e+00
-1.040565513187215796e+00
-1.037721109650775908e+00
-1.001651530409545687e+00
-1.000043162205626945e+00
-9.643530116753651349e-01
-1.086325993798731737e+00
-1.192613210748301622e+00
-1.385738951522356377e+00
-1.085242826230002899e+00
-1.073801186246941208e+00
-1.182054226165997868e+00
-1.000083149634160895e+00
-1.144448019278380135e+00
-1.106491877642832522e+00
-1.033769228460828860e+00
-1.170691946243300308e+00
-1.117850376313105132e+00
-1.133868896546706750e+00
-1.056688607312227690e+00
-1.112088877056629732e+00
-1.297619576098168803e+00
-1.140214574547826709e+00
-2.070514300861316048e+00
-1.070252312604357048e+00
-1.077529367725445386e+00
-1.320524360643219541e+00
-1.031826283691375412e+00
-1.087537257679321412e+00
-1.273468573098738954e+00
-1.061312657779102331e+00
-1.109125148544891637e+00
-1.241048120029467849e+00
-1.189216713708579842e+00
-1.212352572777662507e+00
-1.265622976601128657e+00
-1.501561597032581297e+00
-2.180172391060886561e+00
-2.205781031749887600e+00
-1.123350609493473984e+00
-1.229734390069762373e+00
-1.049246123731000901e+00
-1.241292586730523562e+00
-1.804338501291422814e+00
-1.276283076228459157e+00
-9.281288677402202980e-01
-9.017731596175477815e-01
-9.359934693855196386e-01
-9.546659325741760904e-01
-8.688423578131011515e-01
-9.113942275469362198e-01
-1.071679568476868072e+00
-8.429204117897104442e-01
-1.017884058874956255e+00
-9.230362464777750464e-01
-1.130580799491635702e+00
-1.092279758376290877e+00
-1.065071479338682625e+00
-1.046508893114810990e+00
-1.127647872964712583e+00
-1.045218911892908498e+00
-1.085333255188133839e+00
-1.129358051268105401e+00
-1.204447779078064773e+00
-1.152111361861846595e+00
-1.036371999891964713e+00
-9.753849925755347927e-01
-1.017019567046524298e+00
-1.861181345015523236e+00
-2.322956771180909818e+00
-2.395986288706384748e+00
-1.958339597263805798e+00
-1.426436757435622038e+00
-1.106161938323529714e+00
-1.083028115804579361e+00
-1.118512317338369311e+00
-7.498280193002829774e-01
-7.259434043543622206e-01
-8.303356152384386846e-01
-6.075807581602774565e-01
-3.587787839368216658e-01
-2.336859510336474488e-01
-2.002043128321800702e-01
-3.386889855004938110e-01
-6.602354063437673171e-01
-1.594495195580257318e+00
-1.600340194436289165e+00
-1.826683774365996715e+00
-2.205848553537995471e+00
-1.538816028361257970e+00
-1.057550846668820821e+00
-9.014416086548222573e-01
-2.049575903820293199e+00
-1.010484679203621949e+00
-7.456274998196223969e-01
-5.161507559518976329e-01
-4.163425109330080032e-01
-9.215384373002477592e-02
-3.337023750579404813e-01
-1.454311210076820460e-01
-5.100845834684435420e-01
-7.011830283542160869e-01
-1.476954668609289367e-01
1.856739936727804241e-01
-4.581323653426950387e-02
9.815341272852892707e-02
-3.860067061979046473e-03
-9.534225699407632426e-01
2.175492934873586581e-01
5.115864058301140549e-01
8.956242962988996137e-01
9.566347654674970391e-01
9.385824623054798144e-01
7.343792821184073061e-01
8.595464262362539909e-01
9.328067695950207350e-01
8.822823137401893945e-01
1.300852952417351327e+00
1.323183647578979771e+00
7.102949050175256795e-01
1.394747793930529944e+00
1.312554148215421490e+00
1.201879238471961209e+00
1.241175793225109514e+00
1.364989392238739274e+00
1.273306016024196463e+00
1.265625611603991008e+00
1.472534183217075743e+00
1.353972081478080458e+00
1.253994704763119916e+00
1.465301912243180738e+00
1.485256179400705534e+00
9.386036351127532429e-01
1.118668515023532928e+00
1.175819848409868529e+00
1.333799296536657186e+00
1.155825861085802098e+00
1.360095784094353721e+00
1.201884671068354393e+00
1.455802498463439010e+00
1.151798076538952609e+00
6.966024907026626689e-01
2.244542896503617657e-01
-1.386104841010177502e+00
-1.781525055170070315e+00
-1.407125616227977716e+00
-1.611430406091551637e+00
-1.059594202663547646e+00
-5.901866499290889800e-01
-1.152890162306462185e-01
-1.764064307252678487e-01
7.665615634460323791e-02
2.412355244739114446e-01
4.468777665634351415e-01
6.476220629615462299e-01
-1.590804928453083689e-01
6.501218838366851216e-03
-4.085956030163112040e-01
-3.303933930238079492e-02
2.592034883009942114e-01
-5.084922447581895488e-01
-9.805250989403166972e-01
-2.309448909073578415e-01
5.782449562525315834e-01
6.446038138171941156e-01
1.808635205561582304e-01
5.979124772717239189e-01
3.687578123000778696e-01
7.838159642022969331e-01
1.009833083934341680e+00
1.199051992621255280e+00
1.239824668006679786e+00
6.267231238468694565e-01
1.078024477861429853e+00
1.181741009117948105e+00
1.191725499846908232e+00
8.873265056160849484e-01
7.795656816760702101e-01
9.359083911144153722e-01
8.693141828881705280e-01
9.055928835010470523e-01
9.064122448216058725e-01
1.061193775790481020e+00
9.364150556974252249e-01
1.202576738422492575e+00
1.163372825526681753e+00
1.135272442659460479e+00
7.667271161145124969e-01
9.853491839738651725e-01
9.570408851279987861e-01
-1.044772369187140226e+00
-9.832566309388534043e-01
-7.950117311342789206e-01
-3.409838051097936473e-01
-6.714640317469323660e-01
-1.802363566914668425e-01
1.472634510207099789e-01
6.944634421688952730e-02
1.034481961110711445e+00
5.957663288216137332e-01
1.030260767464458382e+00
1.332492657297610350e+00
1.286590258870802250e+00
5.235485140099680468e-01
5.745150393835645186e-01
5.280297911784000986e-01
-5.772885074556307616e-01
-1.108804858278396033e+00
-2.206324924828651834e+00
-2.382116733554382471e+00
-9.975795329343357665e-01
-1.880450967177205612e+00
-1.842177196996754196e+00
-1.207498495881027978e+00
-1.026936571524257547e+00
-1.344485884573816792e+00
-2.629356958220516294e+00
-1.739707938642789165e+00
-9.684035338777422508e-01
-7.968208892215679073e-01
-1.914363489902141391e-01
-8.370569819908281473e-02
-2.381363869310567372e-01
-8.593588361116091257e-01
-9.337409191765324579e-01
-1.843758741607856022e-01
3.467140329681074884e-01
6.602266343865852427e-01
5.512789127110069298e-01
6.669029112616691179e-01
5.375540452984647333e-01
8.139349817598283687e-01
8.553397963280259253e-01
3.395529269877187173e-01
4.938513145434398344e-01
1.704828442919483628e-02
4.102584730418521453e-01
6.012148887582353662e-01
3.412448094880679572e-01
6.294990846477805935e-01
4.505855740675430154e-01
8.192535046100500873e-01
2.889293313003138408e-01
8.809507122330183515e-01
8.236283880981107863e-01
6.753753778401709873e-01
3.320304465715395170e-01
3.291351359759641659e-01
1.697057227473728336e-01
1.882674788796435961e-01
1.323547922848067049e-01
-1.787687923831065673e+00
-1.286671910846931333e+00
-1.626731198460598327e+00
-2.457068591324077289e+00
-1.502608641683226942e+00
-9.969387226280939096e-01
-6.316048462381566031e-01
-2.482587459876471669e+00
-1.080057445625171253e+00
-1.062526274286120564e+00
-2.018961721092898731e+00
-7.874401496750960128e-01
-5.264619999603090683e-01
-4.776464832400836302e-01
-6.502303512821485665e-01
-1.104307726257758082e+00
-8.823628327645520741e-01
-3.305069006212810190e-02
-9.288750723869346748e-01
-9.546683464537026875e-01
-1.527963623601787946e+00
-1.681420543126634692e+00
-1.747651557714392512e+00
-1.047005535022109468e+00
-2.222762191440066371e+00
-1.239182896779359666e+00
-1.639501935639553265e+00
-1.845855402641721099e+00
-1.058157292088845181e-01
8.919711630948470305e-01
8.772832935932229903e-01
1.188258907833347866e+00
9.433180270625070030e-01
9.836125680312106656e-01
-4.993579431736304697e-01
-9.475353200780385343e-01
-7.439916842021853105e-01
1.439982183125315673e-01
8.228651682508856258e-01
7.772586736523519058e-01
-1.446435389314526754e+00
-1.770189897233608034e-01
3.337774261547987731e-01
4.250410757638225512e-01
1.057988891612580806e+00
1.114659741645967150e+00
1.207963403901201493e+00
1.025934238006651844e+00
7.998840771192377019e-01
7.479308870593645020e-01
7.113088270183588468e-01
8.378571317923085848e-01
8.339285481341355277e-01
7.404581658841875580e-01
-6.050240850317231134e-01
-1.277376642748472013e-01
4.323839129492561550e-01
6.393702903189772968e-01
5.746424521605026925e-01
-6.671439028203631771e-01
-2.150664683011574319e+00
-1.173331272569194228e+00
-1.130503617572131914e+00
-9.001495618846536706e-01
-2.785140356076291068e-01
9.977214843624498952e-02
-6.769501260948502797e-01
-4.474110306298867967e-01
-5.213342086066929948e-01
-3.989327045073630118e-01
-1.043815285574645868e+00
5.434271732090484308e-02
3.443636013119260597e-01
2.396940847677936914e-01
5.916190272810686324e-01
6.552848159331577937e-01
6.609199926497779654e-01
8.176339582410587781e-01
3.624179802138347006e-01
-9.658046178353026923e-01
-2.116718356408228141e-01
-1.647350172668192059e+00
-1.996463109157018412e+00
-2.220467495094306187e+00
-7.703780628975794853e-01
-1.973951259259529634e+00
-2.313389476124410871e-01
7.079685896404759315e-01
9.418611107257433002e-01
9.120419033099298467e-01
6.752249369777044707e-01
6.556093452108923136e-01
-3.880554825967063581e-01
6.395152868747847608e-01
7.098410111595639949e-01
3.484325004561957262e-01
-1.053880795320579544e+00
-6.097412370347544686e-01
2.414284000429201826e-01
-4.796233551640170512e-01
-1.936294326268139798e+00
-7.047720907720780303e-01
-1.392941298942748318e+00
-5.224296714478000592e-01
4.241643118372863119e-01
1.170048860753579723e+00
9.891143911871930205e-01
2.992102727185829147e-01
-9.313443039493408682e-01
-4.184727617142334211e-01
3.768963137209602743e-01
-1.696286428907040761e-02
-1.700306028442374329e+00
-3.307509158681921080e-01
-2.327661371061990059e-01
-1.174858132364695606e+00
1.663312700372495401e-01
-4.154609287661065881e-02
-1.060427269281634777e+00
-1.755821400528869924e+00
-2.650642815718944778e+00
-1.491599071029711121e+00
-8.575385575985209341e-01
-9.558601895503888723e-01
-9.933023863633791972e-01
-6.392895720456096553e-01
-7.301149876857707666e-01
-5.499684865643598153e-01
-6.244558301894916896e-01
-5.514903339442451813e-01
-7.668643834003882054e-01
-3.344346803953201497e-01
-3.291436126712365406e-01
-3.750088475030412954e-02
-8.720417007622406624e-02
-2.201084478057175053e-01
-5.553318348613645039e-01
-3.649280801792778584e-01
-6.758981784604747300e-01
-1.739412931473613755e+00
-4.362740279935350407e-01
-7.897488216252621651e-01
-9.372898404411235118e-01
-5.179530655812782935e-01
-1.141906645190761571e+00
-7.837907326712466594e-01
-6.061976980160731499e-01
2.644109577226937957e-01
7.118518633868208267e-01
7.189760138835477044e-01
6.134676780932982743e-01
5.549842669980572518e-01
-4.723503713101812052e-01
-5.868829393628343105e-01
-4.419945890532078758e-01
-9.532076438066426904e-01
-9.264362415782448901e-01
-1.350771847223878608e-01
8.195179509988255451e-02
-1.618522134258263412e-01
-6.884778396765985908e-01
-5.810539976883467572e-01
-1.325681506677961030e+00
-2.021359976777153733e+00
-1.984904313369978412e+00
-1.914558435083813848e+00
-2.031211747529069633e+00
