4.552523675739632014e-01
2.646498546683913045e-01
5.790789654617740402e-03
1.950468821447367274e-01
3.938078667204650274e-01
2.516379501886126246e-01
-1.396655831918910406e-01
1.997621456912306581e-01
6.365162830837339802e-02
2.914179726684428262e-01
-6.156002087073806361e-01
-7.115356041874637549e-01
-2.511425036008357869e-01
5.823515155830230605e-02
-2.146087629897248106e-01
1.234030754834361115e-01
3.131548716790197306e-01
4.378342873388446077e-01
2.304939816903569805e-01
6.031769633724483048e-01
4.988429936528794850e-01
3.619130275793305263e-01
7.042402871226194350e-01
7.512234905193997392e-01
6.760073729406775866e-01
6.278021510398248406e-01
8.592418309387263031e-01
4.284306339054111401e-01
4.375969386047077747e-01
3.068455804827667777e-01
2.198208696730414025e-01
5.571126733019159394e-01
4.822552334942333818e-01
5.539021995967372547e-01
5.579225441929173135e-01
2.523940506522576732e-01
5.428244830838364621e-01
3.374242187481930055e-01
3.390177654187208067e-01
4.336119313779143170e-01
5.571695664761956435e-01
7.624009486375389333e-01
6.224365571216756710e-01
3.314169408082519031e-01
3.729841916514849420e-01
7.450795853118952206e-02
3.696051768648171421e-01
5.159236056549594274e-01
4.020828591636178007e-01
4.503389936863774756e-01
3.151379699278456514e-01
2.279631275106253074e-01
-1.733544382279666451e-01
3.003235364034033683e-01
6.480814795848308107e-02
3.537564332189234162e-01
2.678404787021692046e-01
9.246214069642291755e-02
6.990112870657082533e-01
6.547786781070787931e-01
5.858711902349318379e-01
1.285410799741507071e-01
4.712250173001975712e-02
6.156042200298581651e-02
2.200103646697222359e-01
-1.313895106840292336e-02
-2.061712449485640988e-02
-2.879630600795751727e-01
-5.783372183866825056e-01
-4.137290028756808735e-01
-5.041595827655408896e-02
-3.491689336634365981e-01
-7.151581936110019966e-02
-6.446493399085043152e-02
5.183930248857232526e-01
-1.498882014111634353e-01
1.078571096792030753e-01
4.764112489773463244e-01
5.608671780269620655e-01
4.590479522249914512e-01
5.854886798553430305e-01
7.230880597108341190e-01
7.228819617478209336e-01
3.237889459418266669e-01
7.009442340199334431e-01
9.026277082315284916e-01
1.025768347632852961e+00
1.001334156255944352e+00
9.621915402908522985e-01
1.021267189450826285e+00
1.090526956651562962e+00
8.208353312611872399e-01
6.788786490759634029e-01
8.203958970967319964e-01
5.338542812594191528e-02
2.675175607061299754e-01
4.576556945057089765e-01
5.650833125417571434e-01
6.385202606645055123e-01
5.549618281270993769e-01
6.956259971832529088e-01
6.430824767951776044e-01
7.948217611455262732e-01
4.487932898674706350e-01
6.773831757328281356e-01
8.300171021602396060e-01
1.161546596089666261e+00
1.156056984245984909e+00
1.090156490959214297e+00
9.493029418313573276e-01
8.222686871558982924e-01
7.828696567463682143e-01
1.055622158512435016e+00
-1.342216538765697575e-01
-3.934804589956876764e-01
-2.102818560871016484e-01
-2.303376729925258048e-01
-1.590803588217006292e-01
-4.419354983902764461e-02
1.987872037666184588e-01
1.754607792237816433e-01
-1.753888900884872232e-02
-2.074101374710592416e-01
2.510994721757764392e-01
1.938971668982088503e-01
1.682301726587371316e-01
3.460744745329281113e-01
4.934298464415525776e-01
6.818407572595956978e-01
4.273730982159062997e-01
9.239787752187189618e-01
1.161694620352496932e+00
1.180607501369983936e+00
1.038111102263262309e+00
1.088329834012230268e+00
1.288919252342902055e+00
7.462023423752329743e-01
7.085252457678410387e-01
1.302684457228187931e+00
7.211433154877475715e-01
9.155431389545229948e-01
-1.059639530566839127e+00
-1.331099635597170039e+00
2.411683287301097933e-01
7.592323334799980783e-01
-1.106556863339803520e+00
6.300099409578746590e-01
3.422318779151337087e-01
6.715715117827854019e-01
-2.256422542973525847e+00
-2.521721102200560782e+00
-1.536518146136142793e+00
-1.222754455342776714e+00
-2.080167272534287015e+00
-1.504270972500649339e+00
-2.149658725624656430e+00
-2.331922195773225681e+00
-1.845721474378020366e+00
-1.623848385849897324e+00
-1.804026827196528959e+00
-2.992883342613926079e+00
-1.767151465720281145e+00
-7.729399136670386250e-01
-1.834987576532025599e-01
-1.135650327766641460e-01
2.797373499291305743e-01
4.709449012615122832e-01
4.360509125108406048e-01
7.503353484340201662e-01
7.590809530905370250e-01
9.857711323374506174e-01
8.180604547682047700e-01
4.710485410324388722e-01
1.067497816591735704e+00
1.192930160167316789e+00
8.675540076263198452e-01
9.620000455332731182e-01
1.206399793611919513e+00
4.756477083599622291e-01
8.554321526218500171e-01
5.903977427615848539e-01
9.489530494097042634e-01
9.873886407561016654e-01
-2.636509183964975966e-02
7.171734009929746634e-01
7.361161572280918719e-01
8.627338745962872535e-01
1.814147031776560670e-01
5.899538970843023478e-01
5.325197544576196762e-01
5.459145469799787653e-01
7.820710401089798758e-01
7.334000957596704673e-01
3.979944224182537238e-01
5.447836212391440336e-01
2.568266004754413134e-01
7.917921687390350183e-02
3.216011869493496378e-01
-8.280307750372289943e-01
9.520951885342592014e-02
-3.104610000039619289e-01
9.861757149351176033e-02
1.716256241288539042e-01
-5.608938869072713773e-01
-5.220080427385473953e-01
-8.845682057587386793e-02
-3.958261805588468296e-01
-1.534771002658238126e-01
-3.763500339918876003e-01
-6.363532392740951504e-01
-2.358209184181212503e+00
-1.182461676345927692e+00
-3.669226743916094713e-01
1.167490357245935528e-01
-1.973735350979223535e-01
1.471098653082664742e-01
2.015985925034292914e-01
2.650273362870932958e-01
4.016250142196211015e-01
3.415287512580998941e-01
5.840624460861634226e-01
8.154844856097409611e-01
-3.097559031649772532e-01
-2.362929512135533372e+00
-4.823527722268849405e-01
3.946345489180081989e-01
2.685946732346086163e-01
7.825858634732621999e-01
3.950186727541935561e-01
4.609948682205845111e-02
-1.139448130386942898e-01
-1.356058897779153449e+00
-2.211223484834999642e+00
-1.452579390833790951e+00
-8.629575911441571545e-01
-8.165560611808376779e-01
-8.156760442033706981e-01
-9.463319676758695509e-02
-7.282477597280499759e-02
4.712044146417591201e-02
2.728017516751291005e-01
3.985959963786527283e-01
-5.822996767791642769e-01
-1.648727962823700377e+00
-1.790825862722473349e+00
-1.133691907177337255e+00
-9.373998226424785640e-01
-5.476554661039749750e-01
-7.262757864739022295e-01
-2.173254653947656601e-01
2.776767144241847340e-01
6.727981626338949139e-01
2.249180709819554869e-01
1.534691252846087928e-01
-9.318459107169847488e-01
-1.549816272105129511e-01
2.493151014455791958e-01
4.470555544497947231e-01
-3.228744518316387091e-01
1.087889538460458244e-01
1.984527911839901182e-01
2.622516534346818196e-01
7.133618895067399546e-01
1.758727701314897474e-01
-1.112636079270209605e-01
8.418152198426837041e-01
1.007712250942401022e+00
4.153751963824712234e-01
5.032491647978472038e-01
-2.253977423256866008e-01
4.427729005567352383e-01
-1.766065619248791962e-01
1.207170830792349096e-02
-1.690344770933114582e-01
-2.586560080931653016e-01
-6.858730890092551435e-01
6.478227445339347634e-02
-5.007898341880937521e-01
-7.914641964661653928e-01
-1.030986537072148712e+00
-5.662391959650621143e-01
-9.260610008613188171e-01
-8.162673302099006101e-01
-1.078062284291384287e+00
-7.127409434108183950e-01
-1.089858862870033640e+00
-6.316280216973563233e-01
-1.433964488756383771e-01
8.891839881027935322e-02
-1.280271560325979996e+00
-4.749519112119734987e-01
-5.948361062812049793e-01
-4.682419272877010041e-02
5.637630877838571974e-01
4.934203184360586719e-02
2.898175419516080820e-01
2.484561888835012944e-01
6.836579951291140711e-01
7.854251894419868041e-01
8.126100619729692554e-01
3.207214537319446057e-01
5.517512717481030116e-01
-2.084015669472483786e-03
-7.278325604575179852e-01
-1.467243580569335570e+00
-2.367037732001406880e+00
-1.152046994991451356e+00
-2.443180423340848062e+00
-4.037483199243348531e-01
-2.803243499704337616e+00
-1.701995637080688795e+00
-5.124941803181295441e-01
-6.653083666882442238e-01
-3.447063121389374318e-01
1.751954165623034188e-01
1.060885763925259739e-01
4.201946805454218614e-01
6.407314205728368295e-01
3.976032146178748450e-01
2.328351281952037166e-01
1.983495007268374910e-01
2.869345449088880340e-01
4.800353216729240646e-01
6.352863185602426466e-01
1.001128604855787474e+00
2.632204521114390738e-01
-2.178771676967670601e+00
-7.013987637317400381e-01
5.611604625593311080e-02
-2.281711030253196881e+00
-3.613504789755556112e-01
-7.449357686160198999e-02
5.989452192648710843e-02
-1.987316617569856100e-02
-2.781046831772489569e-01
-4.216365603878056145e-01
1.683293838089124778e-02
2.228445713963927710e-01
5.188078509077442835e-01
2.439170432900197860e-01
3.466189343919232613e-01
1.090044323915559665e-01
5.838541404194627082e-01
8.736989077652762559e-01
3.923212827884638432e-01
7.532476322877801334e-01
8.976696217934113653e-01
4.084870642616144076e-01
4.683206767822745697e-01
3.603497648917345364e-01
2.693691794710061926e-01
-8.051031160142713139e-02
2.168230397456848424e-01
5.585678829871677520e-01
-8.344787685239212216e-01
-4.919258567644524405e-01
9.958888225935905170e-02
-5.737712288964634810e-01
-2.707674640800731281e-01
7.432911558043847622e-01
9.472064778964258691e-01
-5.000207315316244072e-01
-3.244243343120598033e-02
6.165932643695380966e-01
1.728175494033203641e-01
8.417132351836609239e-01
6.236745788683463187e-01
2.540137634410163381e-01
-6.072333646879479740e-02
8.364738711336386912e-01
1.580117783480968985e+00
1.700840012668091428e-01
3.934180253804843708e-01
7.645300072851116679e-01
6.657440242689763865e-01
9.358751644935912051e-01
6.399474710980835868e-01
1.072589075146539894e+00
7.214738827014657296e-01
9.294815021488196660e-02
-2.749488257402267766e-01
3.393982419078085400e-01
5.115860262159798166e-01
6.885718367693660635e-01
5.479501248968325910e-01
1.776094744776137990e-01
5.607910284734008988e-01
9.600446148591256224e-01
5.460428347404269189e-01
7.268080736358918381e-01
7.620356207313513375e-01
2.869490096758610109e-01
4.330847856905059579e-01
4.121111130334319528e-01
5.608267055628035624e-01
-3.915614013407603400e-01
2.614773522564064479e-01
6.587281673987798181e-01
6.221201811942165261e-01
4.137071752210583209e-01
5.854875804592124533e-02
-6.833602903270565854e-01
-2.593907828662179726e-01
2.735056734128663569e-01
4.513137904734742523e-01
-3.096699463584395295e-01
5.948423453845258502e-02
-6.115406109543625179e-02
-3.027865793329001520e-01
-2.050232196631401660e+00
-1.484243675834198140e+00
-7.221896591238129437e-01
-1.059093104925748069e-01
1.682841633509050971e-01
-6.195031483281519119e-02
-4.968917632195768430e-01
-4.160995694781148280e-01
-2.002144657363648383e-01
-3.705191933888195011e-01
-1.941289995101207255e+00
-4.781779120004468475e-01
2.134267365781398473e-01
-4.892122038120643411e-03
-1.337081555755332607e+00
-1.256632940111981789e+00
-1.354254251713443935e+00
-1.049919174628210161e+00
-7.667673109345579663e-01
-7.984440152070569896e-01
-1.495921435126156274e+00
-1.952858667401401460e+00
-2.182988486967477382e+00
-1.859399060505918078e+00
-8.792467375346921798e-01
-3.000907422110342671e-01
1.510279759000464073e-01
-1.722124130086937488e-01
-2.967804436457139317e-01
-8.608494526079366604e-01
-6.127627526534930036e-01
-1.186552134076450243e-01
-7.882022834686458479e-01
-6.179311594994583157e-01
-2.046601293523159781e-01
1.149546914933901286e-02
5.034346736267001354e-01
9.895504756727054041e-02
-6.741293445240599258e-01
-4.307571979679217927e-02
4.104737459454308457e-01
6.737871539963939949e-01
7.827627758311200834e-01
7.823102552085674510e-01
7.460729714109380906e-01
9.284211485147927378e-01
8.460979857853400121e-01
4.326767564964515422e-01
6.743853614977300959e-01
4.172313134417226510e-01
1.663520564220229148e-01
-1.336204734402082428e+00
-2.252834619576906672e+00
-1.231623825816332563e+00
-1.195379616815287704e+00
-1.827770927830844272e+00
-7.623998853293205702e-01
-2.928305928106950118e-01
-7.729815972855366146e-01
-5.934982796848967679e-01
-6.928943719541527102e-01
-5.952308011678042465e-01
-2.215359396938987313e+00
-1.396948677146078621e+00
-7.239943978081563314e-01
-7.903700989516933284e-02
-4.275371341424091809e-01
-1.630742246782687088e+00
-1.345274227720807847e+00
-1.098536301451230157e+00
-1.570857691965289904e+00
-1.624316726585092185e+00
-1.241109463005393154e+00
-1.514998987005666597e+00
-2.537118035483952205e+00
-1.364184934513440917e+00
5.786243106839775857e-02
3.072822428289197494e-01
9.807087508559617084e-02
-2.154208629265559893e-01
2.621629286043075657e-01
-2.946209229630627480e-01
-1.471174741928742667e-02
5.498800689147878007e-01
3.559563642905599345e-01
3.282516020432224013e-01
7.498296314610947144e-01
3.181299332715636363e-01
5.852836229561079184e-01
4.620256629772973578e-01
4.475694425047834213e-01
5.823340003722267122e-01
-4.194759716859559895e-02
-2.024744914258274520e+00
-9.765370273169163839e-01
-7.379988992024755223e-01
-7.826783255790482896e-02
-5.834878807806594125e-02
-1.210050305998194187e+00
-6.896412923985240084e-01
2.788155837464144082e-01
-1.884945030770427687e-01
5.829657034140697247e-01
6.903030875702840241e-01
-2.916624352614935467e-01
5.718046702099148781e-01
6.837166476468032883e-01
9.717231684923897106e-01
1.171327002708645315e+00
1.147370043759177838e+00
9.764187471711790467e-01
8.680643856794189039e-01
9.062061958322858990e-01
4.203391081520463368e-01
-4.516434862600451905e-01
-1.640344347172176587e+00
-1.038745539531520601e+00
1.960094108313403805e-01
6.897421250590011210e-01
-1.907877310050014819e+00
-7.958113211931353570e-01
-5.099352604799348709e-01
4.715443820521736384e-02
3.919437757713094550e-01
4.412312976333125913e-01
-2.096375054966193030e+00
-2.255378838568024680e+00
-5.698124361171019725e-01
-1.934337310611576877e+00
-1.071141340794649732e+00
-1.897299538119338491e+00
-2.940678952362127063e+00
-1.011066380499090478e+00
-5.994225714610678102e-01
-1.020085718215032244e+00
-2.475412266941022787e-01
2.887821907352929318e-01
3.575878093507747213e-01
-2.140067222007588643e-01
2.377710151321670295e-01
4.265440104267220200e-01
-1.618909417016350938e+00
-5.220422593899423092e-01
-9.178836698343681433e-02
-4.296520141774597956e-01
-5.847945021595564175e-01
-1.970485216071210299e+00
-2.633069477594835561e+00
-1.922570869033184859e+00
-1.178741599897158876e+00
-8.277735647757753501e-01
-3.004890779013207891e-01
-2.849653902215189549e-01
-2.149783414871586196e+00
-1.391135472316373578e+00
-3.501098340033253487e-01
-9.808274438332470480e-02
1.739932527641490922e-01
3.128425618311734269e-01
-2.393560679403691216e-01
-1.039089323357322625e+00
-8.233070754274066649e-01
2.577093684111902983e-01
4.212027406436721355e-01
2.327413655277113247e-01
4.046524034549802695e-01
-2.568777680328301338e-01
2.071308068058174690e-01
-5.488431427439389304e-02
6.033412617466401423e-02
-1.066028762113761658e-01
-4.585364520320224235e-01
-1.152786682207904256e+00
-1.645252561250144963e+00
-2.720270185244844541e+00
-2.452929644945838650e+00
-1.237271672794413524e+00
-7.923801743783553952e-01
-1.397011788832337897e+00
-2.154822218698111858e+00
-1.152163404061240293e+00
-1.811898010699355854e+00
-2.238993941148099687e+00
-1.621241322207485513e+00
-1.732407376748657413e+00
-1.349807027130641712e+00
-4.741400845643087975e-02
-1.036164259045206482e+00
-2.880298824813313230e-01
-2.321324221258344034e-01
-1.016422879268308321e+00
2.280007296766152214e-01
3.836911677137200272e-02
4.848114285605258367e-01
8.769501706790695517e-01
9.164339524345165300e-01
3.967891061998694013e-01
-1.844816577289927484e-01
-1.128189726012803318e+00
-4.215940635433901851e-01
1.277191313486326085e-01
4.115429950358848177e-01
1.626450589380925849e-01
-3.013524370821639153e-01
-7.781986583500001275e-01
-2.090528045428452941e+00
-9.127684739822183868e-01
-1.108865313679876508e+00
-1.008937918346474838e+00
-8.869315143157393555e-01
-1.528028499454653133e+00
-2.234337709309418329e+00
-2.863120503735227640e+00
-1.428409118949430789e+00
-8.992456131189361379e-01
-7.902787000255659944e-01
-2.086363987847601908e+00
-1.239597571102946771e+00
-2.359211062398804515e+00
-1.950690840913056112e+00
-2.271842222353124274e+00
-9.899871201624738104e-01
-1.106998088984291861e+00
-1.221651317697614481e+00
-1.314609100558375099e+00
-1.820579014585548716e+00
-7.338822271786412665e-01
1.130947032469194896e-02
4.333251483964493112e-01
4.459188544992141456e-01
2.758762419077044892e-01
3.971414862153464509e-01
3.411747385963850854e-01
2.438054038166085902e-01
4.181706617646416824e-01
-5.931144672739731005e-01
-2.664021499085071021e+00
-1.551361522850163377e+00
-5.572235989868633554e-01
-9.879495043237408458e-01
-8.713400395880337435e-01
-8.426195127404418894e-01
-3.506911817672764831e-01
-7.050466042281001711e-01
-1.146777176302537837e+00
-1.144248212577378743e+00
-1.455663347910458594e+00
-2.438076991335778487e+00
-2.408895915979038183e+00
-1.981942396732295331e+00
-7.909725221552668106e-01
-5.931112450561368821e-01
1.173859997006943406e-01
-3.390781660161261424e-02
1.041080891460267749e-01
3.219530332914195547e-01
-5.694363426117352578e-01
8.651032358166252378e-02
-1.646869637082991888e-01
5.149520351613848801e-01
2.397474389899582614e-01
6.906678679126536657e-01
-4.739554513093761218e-02
5.681823924488316191e-01
7.100552613072000918e-01
2.028428447577558177e-02
3.213515391839668611e-01
4.153268313641907961e-01
5.203438864418445942e-01
-3.168209467622516429e-01
-1.020945488710543608e-01
2.473175540708835163e-01
4.271806194341176144e-01
5.267802257976769154e-01
5.118481519806785673e-01
3.171335553593732648e-01
-1.522446279095853727e-01
-4.106342287321863571e-01
-2.853798916153971188e-01
1.510697113506085472e-03
-1.787860097787062896e-01
4.292310752465262058e-01
5.347018646463145286e-01
-2.762053241381009494e-01
-4.298587486491624032e-01
-1.781891187613729111e+00
-1.970077042220184094e-01
-4.453816858066992346e-01
2.335315389287178911e-01
1.821863865547332650e-01
1.235543654645550188e-01
-5.888917390495369553e-01
-7.128881682291748900e-01
-7.469212594368448421e-01
-1.481754316720162723e-01
-3.554660489851567684e-01
-9.131784904841526440e-02
1.572027133851963687e-01
4.654899176410661754e-01
4.236284636796794345e-01
5.059275979039500326e-01
4.321958562845587548e-01
3.189166826045465863e-01
3.634615411277675734e-01
8.432637742891563315e-02
4.534486179112420245e-01
3.680625734324026732e-01
4.088848977853782873e-01
3.259933414323457623e-01
-2.303920494356643256e-01
2.521058627211394398e-01
4.954441387489835202e-01
3.236305414259985636e-01
3.001188187464280399e-01
6.286710139860976487e-02
5.394025361682507347e-01
-9.737110845709785745e-02
5.713269512866329947e-02
3.734742911978359281e-01
1.821057634280500992e-01
-8.011876386498963942e-01
-2.544468229371343870e-01
-3.014652290958869107e-01
-1.530123540528155295e-02
-3.234813564760250643e-02
-5.454166437001291799e-03
5.663554567272861828e-02
1.488123825867594500e-02
4.673704411739863090e-02
-4.300430941339135615e-01
-6.293898453038685448e-01
-2.608886063905004882e-01
-1.309155132485641637e+00
-2.406507393219787239e-01
4.606757538147785991e-01
4.169901291567733037e-01
-1.604282105900028677e-01
-4.276232851422306358e-01
-8.458605133253691566e-01
-4.712117217376977085e-01
-7.585862742643192935e-02
7.817472719073993714e-02
-1.506831952622297299e-01
2.237782381023913636e-01
-3.969409621506985730e-01
-2.426373436622468294e+00
-1.810903076215013341e+00
-6.842023465789045522e-01
8.895364708290399991e-02
7.054926020058542580e-02
4.621539013275074992e-01
1.208803784167213069e-01
-1.730539724311365157e-01
-2.148967085645606401e-01
6.304393791620147014e-02
1.952383955056012366e-01
1.592932247189356165e-01
-5.900403424083310311e-01
-1.089806994247528138e+00
-2.983887493017766679e-01
-3.358577210237242427e-01
2.029228136124137105e-01
2.377803533088597085e-02
-3.476911318191486799e-01
-6.943605042502280777e-02
-7.983173387489296557e-02
-2.301643405177244972e+00
-2.157168396229576679e+00
-1.492425694273599834e+00
-1.900299364271395564e-01
4.027102716913480429e-02
-2.081219577268603182e-01
3.776192395121239498e-01
5.100750537814391361e-01
5.487806939544310758e-01
1.637870662025688595e-01
-4.393604190930104347e-01
-5.031452089592757249e-01
-2.411466306384776326e-01
-7.294361778203989344e-01
-2.117719974833698338e+00
-1.195937233737709660e+00
-1.233699550545007240e+00
-1.055135037651306673e+00
-1.152106493924463404e+00
-2.196942888291733009e+00
-1.706112817560059280e+00
-1.900237036554279557e+00
-2.372090865725364317e+00
-1.253490481776217136e+00
-3.913161672197602581e-01
1.037154967250065313e-01
1.901288831252100908e-01
4.072364740225187241e-01
2.851705600145348907e-01
2.119651035243621251e-01
-7.116220113947338000e-01
-6.979876339427641962e-01
-1.577731821936927126e-01
-1.422767530847039164e-01
-2.336968524242019063e-01
-1.533406227202825045e+00
-1.124132562707911953e+00
-2.093330575751359279e-01
2.705976507588038760e-01
4.962394797855967932e-01
4.700728403394605071e-01
3.665239984263808370e-01
6.556517559123584693e-01
8.038189644583598747e-01
9.800516768438167770e-01
8.395871642425466463e-01
4.742847344517689967e-01
7.413893385995089513e-01
7.834071448598357579e-01
9.432960281197152463e-01
8.682630865527660169e-02
4.343701086620369023e-01
5.979232165618041384e-01
6.012169059647325398e-01
4.390700117443729344e-01
4.084277355488258321e-01
2.293347251517405816e-01
5.055403883060483050e-01
5.414124603915300149e-01
2.293629568748013492e-01
5.898630380782021732e-01
1.375126607453069222e-02
3.117802832303229743e-01
3.247537704044577977e-01
4.718511432845520076e-02
4.309877325671835346e-01
6.126735218512110448e-01
5.451846789892490497e-01
2.833518892003512035e-01
-2.699588439199339107e-01
-6.551752135469737955e-03
-5.618011981104369390e-01
-1.565019245323519881e+00
-2.416200731105296207e+00
-1.137410901962232712e+00
-1.176187937180049659e+00
-1.943870948244150298e+00
-2.712652049078281280e+00
-1.041432079160275581e+00
-2.167552257427593221e-01
-2.380029081714660488e-01
1.002949872452002650e-01
3.602996610710410552e-01
2.996135339544764853e-01
2.260084879138494207e-01
-8.157696776649606685e-01
-9.391745048095471171e-01
-2.095804411540264367e-01
-1.105447330070442602e-01
-1.588560664591228411e-01
-4.035762076067222343e-02
-4.800229004265788024e-01
9.357316813578055170e-02
1.696070536441652288e-01
-7.528637070757788763e-01
-1.696539356721281644e+00
-9.614929467671979868e-01
4.189782645515586212e-01
1.173305823320720948e-01
3.110768821580754961e-01
5.478155681239491592e-01
8.688259713728649913e-01
1.782467283612285958e-01
-1.484027394207401596e+00
-4.253481812166418075e-01
-5.027953381080225298e-02
-1.328280770728281102e+00
-2.708092940643587743e-01
2.222872943954628533e-01
3.340018448335010243e-02
3.851697378685229323e-01
3.126920191672130089e-01
1.710356500434722649e-01
4.488468252570078088e-01
3.313051114416855625e-01
2.661836883575462998e-01
1.268081695731242131e-01
4.137433425575138823e-01
1.424036699151984831e-01
1.553363795574825013e-01
-2.510568428069579264e-02
1.858812043938163350e-01
2.903378715168061230e-01
-1.274824789540547565e+00
-2.478233569803335534e+00
-2.487273014570678065e+00
-1.009299660227090056e+00
-1.341143888895516056e+00
-1.578982812012223180e-01
-1.206605074465448707e-01
3.213074146473158255e-01
1.491060675806728242e-01
2.735989738780153502e-01
3.794374862610147559e-02
9.765208826990015578e-02
1.195463108593965151e-01
1.346821737532889196e-01
-9.887419025359589497e-01
-2.927982142380642916e-01
-3.668621533371728138e-01
-1.261563202113825888e+00
-2.307967895579873474e+00
-9.261744955331391305e-01
-2.167113783464853505e-01
-8.452470265921082637e-01
-5.387596992997092382e-01
-1.969098227127096923e+00
-2.215014484268711836e+00
-1.511341821676280839e+00
-3.567573349020119466e-01
-4.337920346888722856e-01
2.113824788326010284e-02
-2.411374121491067779e-01
-1.560801469454813628e-01
-1.541626414557113467e-01
4.440684517960689914e-02
2.159688406044804332e-01
3.664248336044520493e-01
-1.198904837417142710e+00
-4.668869742542834378e-01
1.922355306540740050e-01
2.756908481376242892e-01
2.662861867595591181e-01
-1.850793999268455781e-01
-3.167982264862147512e-01
-2.981784214326175242e-01
-4.872689257385181549e-01
-2.945407121858061306e-01
-2.132547963646632683e-01
-4.349978246087918832e-01
-6.867530160770214387e-01
-5.152250926660470465e-02
-5.921735552700940070e-02
4.357707168827231747e-01
7.471932629670487991e-01
7.867256097817407756e-01
7.004382529472543695e-01
7.006665596858738798e-01
9.483753223952222644e-01
6.370296415754204133e-01
1.624068705185646444e-01
1.924187389706662754e-01
1.770220486663575399e-01
-5.144615304484490004e-01
3.942293743853921284e-01
2.259033838232882840e-01
2.705298701088907909e-01
6.300101817567856921e-01
5.999442363680200785e-01
-1.427589089152515145e+00
-1.780541913510445662e+00
2.248887588056492151e-02
-1.277791198536630368e+00
-1.264563353856466232e+00
-5.247452682294588833e-01
-1.049272280771582189e+00
-7.869371018859251388e-01
-2.197080443151553375e-01
2.280415703006723194e-02
-2.157402203023946197e-01
-3.322507496297111840e-01
-6.691593408549914024e-01
-5.070323246662183925e-02
-1.185399536747585580e+00
-2.290892032924160215e+00
-1.500744248994790642e+00
-1.933359879355034949e-01
2.974329506313921345e-01
1.351945283832898526e-01
3.043196376310843831e-01
2.995149120838688228e-01
4.803437979068537755e-01
4.207178661324694757e-01
-2.279530819406824782e-01
-1.098400872145684382e+00
-1.633806278982664062e-01
4.341597709049667131e-01
2.951650785175792824e-01
1.927783567731881087e-01
-7.225341452802299669e-01
-2.499366639555763991e-01
-2.719366327749813683e-01
1.998327149733402086e-01
3.683704331914215424e-01
1.545579583199699625e-01
4.028215848897245821e-01
2.544135137572131056e-01
2.483050964738179323e-01
-1.708614731194088576e-01
-2.824181368477171605e-01
-1.439950132392470716e-01
-1.673129994194324788e-01
1.993939116876127238e-01
6.426306128887207536e-02
4.064599413417988583e-01
5.815473144468636529e-02
3.707329039808086035e-01
7.467903286336413649e-01
1.165052574160172716e+00
8.367685575780707818e-01
1.023243547343269499e+00
1.110748874973203515e+00
-3.530975877438135013e-01
5.276905292798960145e-01
5.273974023941370159e-01
5.296281982255960363e-01
2.521695927452227148e-01
1.643359438857460997e-01
4.236871533473949292e-01
4.335026213009463697e-02
-1.870668430847254038e-01
-3.716978686914401142e-01
1.584188154899382195e-01
-2.369204477206428905e+00
-1.470077810297992560e+00
-3.618340823063727063e-01
-2.581500656283343687e-01
2.444540929934194695e-01
2.139310761142332595e-01
4.793742753726439876e-01
-1.015563694206089052e+00
-2.190060125440596472e+00
-8.104891878973369268e-01
-1.182698954540122527e+00
-1.455954391023007277e+00
-5.173968548664255040e-01
1.446663969728938515e-01
5.602558714357633862e-01
2.649120227459697552e-01
2.338970209997040528e-01
-4.089349462628668608e-01
-9.370912135943848531e-02
2.136486047902475816e-01
2.797148179747166452e-01
2.101941440415798223e-01
5.430657814671927541e-01
7.184134570305746870e-01
2.884596262483984375e-01
-2.240269754419517978e-01
1.231239831471923479e-01
-9.157909710207484677e-01
4.555539358878583911e-02
1.901003696569415757e-01
-3.771062342557809921e-02
-5.346907371453303304e-01
3.795372294909075683e-01
3.726502143650523013e-01
1.588727119259097653e-01
-4.100922097532499477e-01
-7.939766025113735859e-01
5.527899730641623322e-01
9.246769916504643527e-01
-3.158613812373477492e-01
-3.298366021301544215e-01
1.163104299826741017e-01
4.790085305144028971e-01
7.600037185735355472e-01
4.738226832142347078e-01
-6.196680350300840523e-01
-2.672855116772029915e-01
-1.917990739278828127e-01
-5.478700107343383724e-02
-1.344148470012677343e+00
-2.352873376834795915e-01
-3.093395436774016849e-01
1.929181479932379206e-01
9.315709083863661644e-02
-3.898532306144033566e-01
-9.091240089074239528e-01
-2.732241781214000964e-01
4.994130974400251555e-01
4.402701523570919373e-01
3.345107774924609978e-01
7.531747922112274063e-01
1.121706784675176927e+00
-1.827589759610032671e-01
4.086867877232794877e-01
-3.964173131579536435e-01
1.883441669217743586e-01
-3.701207812029649880e-01
7.652919361967008838e-01
5.581159590040015717e-01
-3.980760411165981671e-01
2.386237170542732655e-01
3.273157691855994034e-01
2.952317069764601176e-02
2.712499173836087629e-01
-2.847911154844025572e-01
7.299065356708066554e-01
1.099532234455177448e+00
6.609015484505280369e-02
-4.939873759016096266e-01
-7.746758287495617568e-01
-9.602389299039820747e-01
-5.576965116438876713e-01
-4.108144939351717762e-01
9.561274610440849420e-02
-4.260203739502260029e-02
2.354571395993938498e-01
2.501439605695512380e-01
1.513115354820602186e-02
-3.346417701064360317e-01
3.409113980776852793e-01
1.195620899091879158e-01
-1.884574436475668358e-01
3.588514948708423358e-01
7.625622866520631593e-02
5.779556121179006967e-01
5.295915046489298172e-02
6.960175961821665203e-01
-2.474528302408318670e-01
-3.972863855272265043e-01
1.478223433148357358e-01
2.516460909938460829e-03
5.733837400239807924e-02
-3.105246324141301417e-01
-3.027140403617094022e-01
-3.730555928394624354e-02
3.039696738639544593e-01
1.878347079974517220e-01
6.439104847667586062e-01
6.711613253418223790e-01
4.363269397940525152e-01
7.230753296896770266e-01
7.654911129932037150e-01
1.069501180856220035e+00
4.872476213900524544e-01
7.734094110162433866e-01
-9.374583763439545692e-01
-8.715872883902670010e-02
-6.407978533670074528e-01
-1.555361598986055582e-01
2.707054492884827801e-01
4.865565892294113626e-01
-4.393231561991339795e-02
-4.204820766782392805e-01
-9.874261187155175534e-01
-4.882790059830520168e-01
1.870354426310274765e-01
1.281045629717372514e-01
2.234131994512386643e-01
3.716298109954919160e-01
-8.478053639960791976e-02
-2.357186583142757974e-01
1.530020520240914228e-01
1.763717573527633364e-01
-1.517178411420621598e-01
3.984585665115513153e-01
2.651389200979891170e-01
1.108268460634998398e+00
1.091215726949163356e+00
1.067854603797064872e+00
1.005087174698357844e+00
-1.861310113204964756e-01
-4.109644362126725348e-01
-4.193661286831519841e-01
-1.356149614237542045e-01
-2.577533068968760332e-01
2.716394669909247273e-01
5.565889550838649669e-01
9.867588153395197015e-01
1.107772323511549306e+00
1.170583489164581881e+00
1.102833940171050076e+00
5.069119407786470966e-01
9.573536403042703924e-01
9.981783459347981502e-01
7.767853625920168037e-01
4.403604402627874781e-01
4.914385415267672474e-01
2.171540180689706390e-01
2.663309771041896257e-01
5.049592648467414735e-01
-5.522612087374403345e-01
-1.811322245603509129e-01
1.481137417814228363e-01
-5.573971847505654331e-01
-5.691601837618760484e-01
-7.516996383202499965e-01
-3.458917525668598891e-01
-8.129399918077100384e-01
-2.554575863599393704e-01
-6.699128195917951334e-02
1.450389774776670304e-01
2.148747250130209896e-01
-2.416925685662934808e-01
-1.902217706666514407e-01
1.007535799305675078e-01
-3.047405497098008564e-01
-1.105527665813024196e+00
-1.773513469578850144e+00
-1.194367189908171589e+00
-8.673750458275347741e-01
-3.803425941554602896e-01
-4.182979557760527212e-01
-6.138850429731530500e-01
-3.411659857724231304e-01
-3.093576604286181753e-01
-2.200586287721217615e-01
1.199377011151783190e-01
1.012668943941090888e-01
1.727901820815306300e-01
-1.881908795848450666e-01
1.224080918468456979e-02
-1.058658664155347762e-01
-2.172123565739956241e-01
-1.936330274374284677e-01
-6.011855018440755982e-01
2.853912438186676503e-01
4.882501107516122874e-01
4.291556295469216020e-01
6.299864737952705074e-01
3.925467732491607631e-01
1.615524864256306925e-01
3.487009771243670397e-01
3.714061135281222503e-01
5.896423035806338531e-01
8.263408777030202268e-01
4.176555799272009817e-01
5.143639404217571487e-01
6.297488657584384697e-01
2.334153282760434434e-01
-2.710915917949390797e-01
-2.585709453974849859e-01
-7.725776450711233090e-02
-2.849412516095541914e-01
-1.803797660060111052e-01
-1.851289748312930916e-01
-1.042020307743760199e+00
-1.074310244260247682e+00
-1.324948008441198866e+00
-1.612744815436268242e+00
-1.465944377968833257e+00
-2.127249959031229043e+00
-1.668871014575939116e+00
-5.501528731980624976e-01
2.514214162527896729e-02
2.318044026853158246e-01
2.509497097031011537e-01
1.660135053143064754e-01
1.936171394217756359e-01
5.834430340646183932e-01
6.974299063243929453e-01
3.914744438424918593e-01
3.536304177529938642e-01
2.197996501127404689e-01
3.986014505912807010e-02
3.265029687832838867e-01
-1.811155034130760288e-01
-9.789247334981601711e-02
3.071300204847783322e-01
2.937111053692825213e-01
1.262364364402366601e-01
-6.772918020830069885e-01
-1.307131853798901289e-01
-1.684514879224388861e-01
4.751834845570799826e-01
3.284807684895846847e-01
5.030284916382853355e-01
5.431594112953316289e-01
4.322931213341643097e-01
3.826486050135474160e-01
4.925701522327513016e-01
4.162365367642016367e-01
6.208092986640936090e-02
-3.067996668147863204e-01
-7.805727240691096025e-02
-7.593701234230374464e-01
-1.734221414480218992e-01
-4.735464693981992212e-01
-3.538770550711639040e-01
-7.490773019249205023e-01
-4.707789749650596045e-01
-6.030383125396860944e-01
-7.664562229878407740e-01
-4.919333624036282271e-01
-1.219067599218456754e+00
-1.934127327255668938e+00
-1.326301449642279806e+00
-1.869674372033021559e+00
-1.524274254776394333e+00
-1.377546907401077991e+00
-2.230494644106602475e+00
-2.363795019827358068e+00
-2.428713613665321791e+00
-2.753782137328999013e+00
-1.887017379117170934e+00
-9.758734286774579658e-01
-3.301251585077537576e-01
-1.458721131341571109e+00
-8.115196293352442414e-01
-1.659525907038249981e+00
-1.803084727122971298e+00
-9.421921271473899795e-01
-2.219329279474686167e+00
-1.418016419815306461e+00
-1.008874649666267720e+00
-1.933464945971742066e-01
-5.959017674539824894e-01
-1.103392705936828033e+00
-9.056188238950744207e-01
-1.498823617606050318e+00
-1.402809506254711902e+00
-1.134250326114840668e+00
-8.623193368448367480e-01
-1.008228303058079645e+00
-5.156707220668501623e-01
-2.611478583266341191e-01
-3.246974101138082602e-01
-3.269417665563765785e-01
-7.383473002776994032e-02
3.319473719451868088e-01
2.557135114671204024e-01
-5.263871368848966475e-02
-3.907381932400752489e-02
-3.377927912872343286e-01
-4.359211717757331961e-01
-1.369814555071832418e-01
-1.982734026757365930e-01
-1.886423664989601345e+00
-1.902911168847433609e+00
-9.997915885753100307e-01
-6.175444951861903675e-01
-7.058693804130187210e-01
-5.296168455725137614e-01
2.111262732371319284e-01
1.070718427325733357e-01
2.416863199829684117e-01
3.549927244282458649e-01
2.557803356383853144e-01
-7.507547498720078538e-01
-1.417528253083245371e+00
-4.401753758798668814e-01
-1.239270440641799809e-01
-1.006277629876346058e+00
-9.694913569272561871e-01
-1.217349520033375043e+00
-2.033230873056943722e+00
-2.134702806081051563e+00
-1.273771570761398797e+00
-1.325067014053529002e+00
-1.208500611634181654e+00
-9.106223004476362570e-01
-7.228921085345534348e-01
-3.292938189939588756e-01
7.369640843791341878e-02
-6.083482664775233806e-01
-7.457883399608163932e-01
-1.348913107958154667e+00
-7.387839371707146663e-01
-1.120341655074646559e+00
-1.912718717588033912e-01
-3.151450681178477042e-01
-7.597711216656942712e-01
-4.960198554025446044e-02
-1.257948236566430511e+00
-4.061508268918041509e-01
1.631983887734094751e-01
-9.487922690760439703e-01
-8.816739628019046870e-01
-7.712375020333689379e-01
-4.538218249969083185e-01
-7.370607946511197328e-01
-1.786214030260645735e+00
-9.286321527915787355e-01
-7.427164442393522359e-01
-7.740218429370100406e-01
-9.476342261177018722e-01
-5.156866279614081838e-01
-1.401857584901694320e+00
-1.691030964699369088e+00
-2.369345626704264518e+00
-7.001329970091971777e-01
-2.801726516357944119e-01
2.705239715859608096e-01
6.863649287583484249e-01
-8.371491478130285713e-02
-1.372314323506879097e+00
-2.434995165379331361e+00
-2.522010569219332865e+00
-2.928015941322736904e+00
-1.733236798063461537e+00
-1.606517893744517478e+00
-1.390488678141774903e+00
-1.591446824720565090e+00
-1.062885107412966601e+00
-1.782060741383590052e+00
-1.125661038679654613e+00
-1.972683902284776858e+00
-1.473976539230859029e+00
-4.690627610659900970e-01
-1.389541113023097241e-01
-4.010581801505703203e-01
-6.478854129866663536e-01
-1.433458433732313353e-01
-8.651921453331442580e-01
-5.082124837235626469e-01
-4.493403448205379735e-01
-7.638734210522584167e-01
-1.060469780085860014e+00
-1.146501481960590763e+00
-2.380409371791396556e+00
-2.406216069308871219e+00
-2.295209488905602058e+00
-2.292864268636273906e+00
-1.753015832764606374e+00
-1.069953441037535979e+00
-9.612913629962664963e-01
-7.380230836062872113e-01
-8.582684329241617727e-01
-6.681844625746241606e-01
-3.283411734653368108e-01
-3.029854370251440221e-01
-1.198531278060770644e+00
-1.382351239993885539e+00
-1.976228043319863126e+00
-2.110670703370756573e+00
-1.300710100284457438e+00
-1.422362742001325620e+00
-1.934958999228487242e+00
-1.602101595633849351e+00
-2.129129184532853714e+00
-2.261419595524333470e+00
-2.095113852680338340e+00
-1.824015478067459783e+00
-1.545563321702831505e+00
-1.857119477215118275e+00
-2.287552082942364784e+00
-1.910277393168498872e+00
-1.411807542185623321e+00
-1.168934587113676704e+00
-8.031952658754931695e-01
-1.007917368255218493e+00
-1.598457473230515236e+00
-5.874909877985945439e-01
-3.196568145982881526e-01
-2.554612629500917498e-01
-2.119346090972016872e-01
-3.430652950167969450e-01
-2.436383713885661995e-01
3.332619055987762757e-01
-4.695514483430675567e-01
6.024295711579467222e-02
3.994174588738610976e-01
3.521008344815201307e-01
6.324374448343653699e-01
8.548318270074197756e-01
7.384129157731096349e-01
4.510141137275763268e-01
4.070076390663718846e-01
-4.922746677826042583e-01
9.209102520313897089e-02
-7.704400808162058523e-01
1.265378963267395351e-01
-4.586829962657757442e-01
-1.492375405710646141e-01
4.772694098495361414e-02
3.431172774901046774e-01
2.441215180760294978e-01
-1.086373335032798787e-01
-3.725836629580034920e-01
-9.838672726101005406e-01
-5.638687512543388847e-01
1.926670421683695511e-01
-2.972404720437735737e-01
1.420414979847677006e-01
-4.362706114119880851e-01
1.009368493825693602e-01
3.376094171487979412e-01
2.553635981725079773e-01
3.205352367823845472e-01
3.914813393727343271e-01
4.403890854934641164e-01
3.937320555993157334e-01
2.130501895722128614e-01
4.379271739567049959e-01
4.568739937848346755e-01
3.752624796262044593e-01
-7.426182822621286705e-01
-1.616715208195989462e+00
-1.712298570896533478e+00
-8.176608109179788197e-01
-1.032757039445445724e+00
-5.246674401625562867e-01
-7.290736026014495164e-02
7.884209644995435196e-02
2.236897020733856212e-01
3.725099528596118037e-01
6.157414830664738326e-02
6.069253717890309430e-01
6.330519264566861759e-01
3.155304583108037297e-01
7.677739930801580348e-01
3.937687511703689691e-01
4.132413033933372559e-01
5.909495158897669631e-01
9.741368434974287949e-01
6.811297861284922872e-01
2.917056898822706912e-01
5.445195157288816867e-01
-6.839823475576785050e-01
6.352323940988842399e-02
3.941739143671399992e-01
5.029006595147348380e-01
4.153015318693359936e-01
2.371724988751103824e-01
7.740052961471990955e-02
6.837629622533365759e-02
2.836755930296552125e-02
1.824140712648536222e-01
1.152449900922563053e-01
5.993343252857012970e-01
8.004475115402458485e-01
-3.042834470964274618e-01
3.957651724502866397e-01
-1.376576413504276175e+00
-5.360599772319212253e-01
1.688594826465281973e-01
5.109299473605916075e-01
4.190291730131152637e-01
7.001010350914270708e-01
5.766793382681840718e-01
-2.167765683039990787e-01
2.742553035034142050e-01
7.917714579463357438e-01
8.678199455686531616e-01
5.702034067393458860e-01
-3.348849489399778889e-01
-9.449156386058351620e-01
-1.954135952318308611e+00
-2.112060416387540052e+00
-5.354332541747065521e-01
2.040910290774347324e-01
3.127874727303670555e-01
-1.048098272080036697e+00
-2.173913518119416910e+00
-1.836210177074072636e+00
-8.431496864094276678e-01
-8.245344743143118160e-01
-7.969208138814618536e-01
-5.507970506239303621e-01
-8.460365536917423546e-01
-3.896013051278398587e-01
1.901614540874340953e-01
-8.089633869445099490e-02
3.005569316633320831e-01
2.563329794554456975e-01
2.077155338431158349e-01
4.383597233294873607e-01
1.145014558913485248e-01
2.674614052484027837e-01
3.926562678267822015e-01
4.377953433509291781e-01
5.109290701046469430e-01
6.020570298901709583e-01
6.581424580503227872e-01
7.341096348656438453e-01
-4.088216360626373280e-01
-3.727078139582815641e-01
-1.314189852259274593e-01
-1.602377938529704782e+00
-1.855266508113510904e+00
-2.657469671309679704e+00
-2.942321935805647826e+00
-1.061782570535483528e+00
5.760030646013155481e-02
3.183955104208971987e-01
4.098629622433408448e-01
4.077178457732283379e-01
2.786652086816267526e-01
4.485531736003466885e-01
5.311477934000760071e-01
3.922058584853770347e-01
3.868172586800869839e-01
3.381809748521051318e-01
-1.901680266245816264e-01
-2.711946511622370104e-01
-1.486644115252424125e+00
-1.790909332877214544e+00
-1.947832505129222458e+00
-1.694343092067388090e+00
-1.280209978098754808e+00
-1.001236539843660012e+00
-1.128569056404351567e+00
-2.084141741843425599e+00
-1.212013600829523696e+00
-4.478871837571080650e-01
-1.831955912499804440e-01
5.593229524517714379e-01
9.308020155764411274e-02
4.296689156314902752e-02
-7.528385692506202320e-02
-9.322733169951864796e-02
-1.145194710267134763e-01
-3.593676560930429004e-02
2.936103191068482610e-01
3.563031335034766989e-01
3.773347286660387323e-01
-4.199109769804214645e-03
-5.184483402720385659e-01
4.338538426122817149e-01
6.116488463875268122e-01
8.090702398224065561e-01
9.176610726606238000e-01
9.180101361323464992e-01
8.609325796828944943e-01
9.763665416483876536e-01
9.384392855170137215e-01
1.217948037113770532e+00
1.211345528208657596e+00
1.250957331653961280e+00
1.252989282298884177e+00
1.292264728363304638e+00
1.243766960217654649e+00
1.209416294783400403e+00
1.366397323764571681e+00
1.364556080305060037e+00
1.352666712762069956e+00
1.358375120234081246e+00
1.469948401465873467e+00
1.662406579828866304e+00
1.216352499286012634e+00
1.635604850087478024e+00
1.482479636442358695e+00
1.382428362275411882e+00
1.255396267985422032e+00
1.302872850743151067e+00
1.318685216080590195e+00
1.342933386545624996e+00
1.392133022558249555e+00
1.294459444866386422e+00
1.446266657149042123e+00
1.270057484230634470e+00
9.098649532066767076e-01
-2.704286232525732192e-01
-1.738173481439630352e+00
-2.372622516429609973e+00
-1.893447261085413169e+00
-2.405557213859466970e+00
5.421886551083705125e-02
4.196285799711787501e-01
3.875790327230376753e-01
6.639364140410468872e-03
3.059232683117834584e-01
4.342358150974178765e-01
5.367929795996126963e-01
6.800487187029750080e-01
1.421370391955478589e-02
9.440256482228524815e-02
-3.120299887159950214e-01
3.303790346444301917e-02
2.811817983718242209e-01
-3.814703438331743524e-01
-4.417019545732654429e-01
-1.079121194579568260e-01
5.287007443484013081e-01
6.046904821394012419e-01
1.665181033275434097e-01
3.639087326889922647e-01
3.587519644978943711e-01
7.246509916213286218e-01
8.797733942699700327e-01
1.036941413173575022e+00
1.079987222834458471e+00
3.864743786658508817e-01
9.620367963292864033e-01
1.170322030240918743e+00
1.259488820507764339e+00
1.064226535734230650e+00
7.602733067068888628e-01
7.382473233362947251e-01
9.799947958663060010e-01
8.576220376356242792e-01
9.730844380258568682e-01
1.098565622345255122e+00
1.145621725353709763e+00
1.099300164938940894e+00
1.085444337936977366e+00
1.099269692188098890e+00
4.635718638535965552e-01
7.446423046791241784e-01
1.020112150653343708e+00
-1.482160468416628518e+00
-9.603224234252807356e-01
-1.021222770099839083e+00
-1.918360027765466103e-01
-9.149504381441119216e-01
1.812337852487603818e-01
2.736653072091649319e-01
1.376143759022187552e-01
7.660963532879232485e-01
6.934090606440709292e-01
9.584848350071105694e-01
1.187929918209439828e+00
1.234809407740352194e+00
8.859349294718730228e-01
5.291463190021655771e-01
3.692511892751230151e-01
-8.851798861050000911e-01
-1.496354329920309256e+00
-2.012788049700600101e+00
-1.856834794721378801e+00
-1.221035647708879346e-01
-2.055748201471773839e+00
-2.192610827715683719e+00
-8.180879642746327063e-01
-5.898947286203422014e-01
-1.813032810860393473e+00
-2.944585245899138837e+00
-1.920580554002496054e+00
-1.158865463249606265e+00
-7.819389161334144855e-01
-5.136227466945655906e-02
-1.966965801941204239e-01
-4.614119344882375851e-01
-7.972480448286550780e-01
-7.767892660136469507e-01
-1.148628838283774212e-01
3.376110300034242395e-01
6.904129624527006737e-01
7.534498162405236510e-01
8.644477319078386346e-01
9.330125447585568832e-01
8.284726753321637327e-01
8.825783505280291319e-01
1.701091125737101140e-01
3.836312518307122832e-01
-2.758760646490848178e-01
2.903177405078494755e-01
4.308948528876584416e-01
2.199854268155296555e-01
5.029927085750306448e-01
6.910633565450045035e-01
7.664133182130699051e-01
1.708876588418977438e-01
9.457135261387810132e-01
6.094114552325009537e-01
6.359020299919199148e-01
1.399253256810103208e-01
2.203533708677109793e-01
9.674127740696458755e-02
1.686880306538143526e-01
2.460328122449819965e-01
-1.311685192967405600e+00
-1.043024925228748678e+00
-2.030316522760282183e+00
-2.231955911913416468e+00
-1.234875529969257091e+00
-8.651148775242740729e-01
-6.165903816365487788e-01
-2.022888396518973231e+00
-8.079490898994678982e-01
-1.235324394291979155e+00
-2.212866739839946195e+00
-3.809025046709832996e-01
-1.724375468147268387e-01
-3.493630697547637221e-01
-2.803862281718899618e-01
-9.523552136580325511e-01
-8.652503558148870733e-01
3.243886829581767856e-02
-9.774886574658525618e-01
-1.447897850365851280e+00
-1.808662908044769813e+00
-1.445460091222486643e+00
-1.743755149329411003e+00
-5.192067178929927751e-01
-2.460349266417315217e+00
-7.426835490519319016e-01
-1.901840011390080631e+00
-1.515687234984539167e+00
5.047880304570227794e-03
9.683154300220300215e-01
1.075237692776971787e+00
1.116014636811537120e+00
1.041011711770311043e+00
6.488019029553092620e-01
-3.255586897533161439e-01
-1.329023406313659006e+00
-4.391645945167507725e-01
3.322857343591453794e-01
6.389801251953469707e-01
6.774772804855958563e-01
-1.553073870890636865e+00
-2.545349956879649489e-01
4.616223876893654765e-01
4.538321361196003267e-01
8.782382436190874220e-01
9.142836152988238485e-01
8.026860858949246280e-01
1.082324548889871840e+00
7.663790689814860002e-01
1.086636700598083705e+00
7.704113492448473322e-01
7.816982220129964354e-01
7.228490874930129095e-01
6.415691578031573750e-01
-5.773666132768824344e-01
-3.758347114202368888e-01
3.526432406816571996e-01
8.700892440229206493e-01
1.508783812362982646e-01
-5.599179066191741772e-01
-2.612950307249897630e+00
-8.644812342744779832e-01
-2.605123324501384396e-01
-7.737441555276352023e-01
3.686525653162998073e-01
5.668139209365026243e-01
1.552164564267214941e-01
-3.707118438133353844e-01
-3.319394982248340398e-01
-3.391063167050042959e-01
-7.044378001646137699e-01
4.920975264323765308e-02
4.682791297111780215e-01
6.358562943652790178e-01
4.902188980424667664e-01
4.350459421352897427e-01
5.545226904799375189e-01
5.152892808754834242e-01
1.408902883039843956e-01
-8.887637354890611796e-01
-4.733275294359924334e-01
-1.544940070496323425e+00
-2.044533790055663935e+00
-2.347300323139778211e+00
-6.719267698121621502e-01
-2.387711041992069294e+00
-2.052846245046436868e-01
5.790346267191689433e-01
8.691630038308577610e-01
7.014801470896573354e-01
3.670565120090099609e-01
5.494997595995392281e-01
-2.385684567521863808e-01
4.955445141599595371e-01
6.278649315530719921e-01
3.000001873582330836e-01
-1.106970215422053094e+00
-3.426981016022340176e-01
1.132040742041430237e-01
-1.378663225627354827e-01
-2.364780585908248245e+00
-2.912363275162135889e-01
-1.359341802985266190e+00
-1.383897903161886989e-01
3.978997604198897253e-01
9.204581348402424146e-01
9.512974179461366475e-01
5.934538356863024999e-01
-1.376386857624828597e+00
-3.207464456398083641e-01
4.334158646407749171e-01
-3.048576849287471663e-02
-1.801209278541403336e+00
-1.471618759271759169e-01
-5.260726856081988645e-01
-1.382696932267124090e+00
2.169024318591229461e-01
1.118323993595705668e-01
-1.786546021549487273e+00
-1.601856932843279235e+00
-2.417086502276347026e+00
-1.849867126810307738e+00
-8.694087957536494882e-01
-9.719719960439123785e-01
-4.552123730329698525e-01
-4.787234558698617026e-01
-5.779933318633738715e-01
-5.404034431573569996e-01
-4.860593653563293759e-01
-2.645613781720162483e-01
-6.354042495056975159e-01
5.765954487620120195e-02
2.902758254960749809e-02
3.944841143156475605e-01
3.835163478537550463e-01
6.374100415789291096e-02
-3.527225252981918135e-01
4.364380785733110169e-02
-4.416552517845210857e-01
-1.391827871649944148e+00
-2.138015332708846639e-01
-4.909354253267421142e-01
-5.630890872711068473e-01
-2.554109182845217818e-01
-7.934019643520726639e-01
-4.910571846255794015e-01
-1.391360654202324076e-01
7.480761839746161712e-01
7.628492204981879299e-01
7.906798644961419154e-01
6.790161744519316311e-01
7.898083154728551269e-01
1.713438934126229329e-01
-2.234109805590811515e-01
-8.675795180382572802e-02
-3.532362818530119797e-01
-2.667289198119522364e-01
1.585733301455757166e-02
2.326480186590416666e-01
-4.179183172863889378e-02
-4.002287929267328570e-01
-2.093178445788489717e-01
-1.656209034760604215e+00
-2.720966815971249453e+00
-2.578117258669739176e+00
-2.674439214951881638e+00
-2.608709414476750865e+00
