1.315066785360692325e-01
1.694597824377876427e-01
-2.734244521804051753e-01
-5.625963284311263912e-02
1.733406907133158148e-01
-1.745738381218422952e-02
-3.430787914127755855e-01
-1.400352324253749114e-01
-2.885866999990977511e-01
1.545287857851387614e-01
-8.263321115023130048e-01
-8.619679129183039912e-01
-3.511545463055528171e-01
1.421334509184433159e-01
-4.716779527010755424e-01
-2.435357327257015037e-02
3.156104093825301549e-01
2.960460081942087318e-01
1.818134420610722501e-01
6.295541316934307741e-01
6.246933502780867009e-01
5.069177787196289531e-01
7.631163439111778857e-01
7.393466712634491067e-01
8.135514396668293013e-01
6.687261645949811317e-01
8.563708526811095734e-01
2.986678027720117701e-01
2.239660701130987419e-01
9.770975597025055581e-02
-7.321976833444704402e-02
3.836082212805372316e-01
3.574439388572000498e-01
4.867918771286349200e-01
4.156951258414878780e-01
1.612811981396164440e-01
5.383255608670935999e-01
3.029036706679174573e-01
3.368034397788845502e-01
4.654076655360201431e-01
4.897511148649929535e-01
8.780096705002509161e-01
6.296483077707569764e-01
2.391865099229647518e-01
2.151971954664540221e-01
-1.341412124433341013e-01
3.055687323965260438e-01
5.266412622939325994e-01
5.886973117455265303e-01
4.820723280422189450e-01
3.835276692616524929e-01
3.045317630420431576e-01
-2.520869630291709407e-01
2.659366612706876021e-01
1.272789786256783851e-02
1.975687112322290218e-01
1.567346440320033507e-01
-4.375246893212919597e-02
5.796194154594391801e-01
4.845299728390075056e-01
5.119445307129145695e-01
-1.522622431965934275e-01
-1.834261542024616110e-01
-2.197803486523146610e-01
7.783429649316431220e-02
-2.761364263627290594e-01
-2.045664027401658536e-01
-3.484564232486889179e-01
-6.576483226550589034e-01
-5.854854061836802792e-01
-1.558344714797806896e-01
-5.981439561867969434e-01
-2.042696463061747791e-01
-2.381361513660741891e-01
3.860850443061805137e-01
-4.088248504748101531e-01
-4.242897590321106915e-02
4.823627261758214879e-01
7.774289898885164973e-01
6.259210686700258375e-01
7.029654556353301942e-01
8.000780751915035349e-01
7.544126211973445351e-01
3.763449391127911547e-01
8.453377656708636056e-01
1.046214941557479516e+00
1.143053349303199129e+00
1.143003258455001836e+00
1.076380611059952308e+00
1.160835792535407585e+00
1.079808468330866189e+00
9.637901950998657430e-01
7.424435068668764348e-01
7.978272950839355726e-01
7.806750418355379306e-03
2.825989716369301519e-01
5.688825947869778910e-01
5.715468904141468576e-01
7.527386215059850283e-01
6.110921137357487876e-01
7.150030599952743593e-01
7.281118613750909851e-01
8.553573537836303142e-01
5.461813725193003233e-01
6.717995013412345617e-01
9.440306683854755576e-01
1.162599011512531755e+00
1.067847516397732788e+00
1.169958730595081597e+00
8.092460681581503668e-01
8.597482444975266258e-01
7.464849112779614604e-01
1.009752569834455160e+00
-3.011641512250147201e-01
-5.323631156850594515e-01
-6.025807822944413417e-01
-5.686550907448522096e-01
-4.681179196369507634e-01
-2.825097865061466651e-01
2.199606611903481834e-02
2.212652378869898739e-01
-7.536621367146142947e-02
-4.187085420281937975e-01
1.310197743804469017e-01
-3.348691075064211264e-02
1.243064842097500178e-01
4.764446446606869223e-01
6.958938368559202114e-01
8.654533764568299592e-01
4.691106198805512495e-01
1.047472117836013572e+00
1.291622036354408198e+00
1.345474951300878796e+00
1.308404240421622511e+00
1.263046095838096683e+00
1.477455078037475111e+00
8.019517849756379047e-01
8.712032509280722703e-01
1.309098397936072189e+00
7.160535919559731788e-01
9.613459637907129096e-01
-1.014634485205116121e+00
-1.246800074715017415e+00
3.195163023744078123e-01
5.867575127669714119e-01
-1.152487513805505737e+00
4.546441762072834236e-01
3.048790198744585345e-01
3.727590475145089455e-01
-1.865020849864563512e+00
-2.334950582591338808e+00
-1.604416277306469629e+00
-1.176073463135680841e+00
-1.848679689893306000e+00
-1.758348039831311160e+00
-2.164581634493608409e+00
-1.830634122101001182e+00
-1.714211958854088724e+00
-1.621459320702083540e+00
-1.918870321301351822e+00
-2.485819320059585724e+00
-1.862072811306725750e+00
-6.140019955160340714e-01
-1.260642418253871688e-01
-3.392224927585369421e-01
1.432546582674036062e-01
6.421962350466856595e-01
6.522327975956001556e-01
1.064358142981550959e+00
1.144633907455942401e+00
1.253740956013245533e+00
9.782046467973235515e-01
6.520966915624248905e-01
1.536545133933746587e+00
1.274552720905500536e+00
1.051818225043614774e+00
1.092688406918881583e+00
1.408659189047208216e+00
7.204444064864763408e-01
1.228264934186383606e+00
7.927165721795126352e-01
1.545868592071589998e+00
1.439328354320925873e+00
6.771026322571427336e-03
8.643489160200359400e-01
7.881449918963099321e-01
8.810727922759817865e-01
1.248473876421010709e-01
7.310416440746614342e-01
4.786042137895553106e-01
6.931949392988410175e-01
1.061648919724720530e+00
7.509301645221482246e-01
4.487049224276598025e-01
5.840609208539307984e-01
1.389140156648817070e-01
-5.500576599707662773e-02
1.022939142627022346e-01
-9.271488543335997257e-01
-1.229516937961587786e-01
-4.271959041560260961e-01
-6.719172325996330963e-02
1.362624759127404050e-01
-5.347897606527514114e-01
-6.365116486377715432e-01
-1.598191999290761722e-01
-2.627353290956168652e-01
-2.728224100859309997e-01
-4.406646244132519930e-01
-1.025902120588955135e+00
-2.086367899515125135e+00
-1.255155359046917329e+00
-2.341897500246027386e-01
-2.835918177767016157e-02
-2.491244620671526078e-01
2.620077755335969427e-01
3.393378593905687080e-01
3.593475660848149955e-01
5.407661166967121513e-01
5.253119795790788249e-01
7.477924387406083007e-01
1.094753338108937823e+00
-3.638084023190945593e-01
-1.672946606088909993e+00
-5.090697385564861843e-01
7.395707407315426085e-01
2.924871067795627444e-01
9.172287759853208211e-01
4.574239303820848979e-01
3.095337821005039736e-02
-8.343399283856800519e-02
-1.157272112945916476e+00
-1.852723878137111146e+00
-1.583726112269844277e+00
-1.124034833095981067e+00
-7.377600392878673752e-01
-8.893055247568333321e-01
-5.397773182798948355e-02
-7.170490118608235930e-02
-5.558835036638154481e-02
3.462532865687570904e-01
2.487060314597416000e-01
-7.661958318264678880e-01
-1.503454676031856785e+00
-1.504838180390560165e+00
-1.449622669494938565e+00
-1.050465310331817781e+00
-4.890106883693182138e-01
-8.800526990766810442e-01
-3.309875568707082993e-01
3.793472287989423375e-01
6.770270274368528352e-01
-5.423419630563197646e-03
3.212666546559876934e-01
-9.954171620538672105e-01
-1.110817613181228625e-01
1.048533972788383561e-01
4.820929364268001782e-01
-4.401629238300986402e-01
-3.886353900528469185e-02
2.904672688565782535e-01
4.423173521245296613e-01
1.010744876359081834e+00
3.033479631971224277e-01
-9.743963544369887986e-02
1.181440075332933715e+00
1.268250595937069569e+00
4.510729834517161474e-01
4.334097679550746873e-01
-2.486430364794570136e-01
5.728713738546165057e-01
-3.792511138496054701e-01
-4.704453315488937859e-02
4.022873963762496619e-03
-4.655066712852773958e-01
-6.545356520854819227e-01
-1.125133261269781748e-01
-7.149168306500430781e-01
-9.384458704949800723e-01
-1.111127010486005151e+00
-4.516003979064318608e-01
-9.311217714456192507e-01
-8.451306030824290438e-01
-1.021118503473842809e+00
-6.327915880514154434e-01
-1.003251054362042094e+00
-4.880881800393621073e-01
-2.648110198139032034e-01
-6.007996190520689672e-02
-1.306877795926279839e+00
-3.795459597997175583e-01
-6.844680001378977696e-01
2.448694346904770058e-01
5.685636470724928504e-01
-1.298923367636589665e-01
2.190425692019294934e-01
1.689792724816037706e-01
7.008903766977410132e-01
7.946142638159272575e-01
8.847561935125096699e-01
3.327863282132758060e-01
6.884154970830627107e-01
-1.313472604188659631e-01
-7.528563955382674422e-01
-1.510707934618864545e+00
-1.958597844172825564e+00
-1.322099471602119269e+00
-2.000809260495894470e+00
-4.829510833743561604e-01
-1.895455910612223072e+00
-1.384655179828063520e+00
-6.421474804363249689e-01
-6.098336814050056010e-01
-2.000412778470803121e-01
1.513458147173996626e-01
2.196742305280763863e-01
4.520628806221145268e-01
4.215523494511185243e-01
4.790741496328685955e-01
3.379660152343044177e-01
-1.685313203486369926e-01
1.179972253802989562e-01
6.121685472193199029e-01
7.152155936160997651e-01
1.159909817721973324e+00
4.095121342025574984e-01
-1.947845997453475420e+00
-6.552205070900434247e-01
-2.223489097056458585e-01
-2.013878504003900449e+00
-3.990168458642912586e-01
-6.563223181365374082e-03
-1.960227773330103229e-03
8.111512387930489010e-02
-2.189275817497143839e-02
-4.768321033172784884e-01
-2.151500165545638388e-01
1.219622781756117685e-01
2.844351805294524915e-01
1.358940554698867542e-02
5.571942368895133058e-02
1.182492556597291578e-01
5.334280625221139438e-01
8.423142440595239311e-01
4.015283978936285969e-01
8.998633477401145608e-01
9.485282965612442663e-01
4.359612556120854854e-01
5.953913594787625385e-01
3.090225434339978206e-01
2.357071076525254771e-01
1.424946187387042262e-01
3.901243248708937128e-01
5.498554572726908063e-01
-9.264715380835737424e-01
-5.239210178300772736e-01
3.995335815080441888e-02
-6.880282648477280549e-01
-3.040178567094477535e-01
1.081527157210477874e+00
9.503567437691675668e-01
-3.827856480966295716e-01
1.226902291500645004e-01
5.372812329742311377e-01
1.908784799803364685e-01
7.658116794477967115e-01
6.822054984018195434e-01
3.654784236520637331e-01
-1.258743256849415015e-01
9.707483082363166371e-01
2.193714193418617953e+00
3.828212922903860282e-01
5.845212614674866192e-01
8.546019840193257444e-01
8.265992434784152909e-01
8.809056755922055615e-01
7.903699050162331652e-01
9.943656301490995109e-01
7.931568727191871115e-01
1.771906172120894518e-01
-5.013032614793435648e-01
8.674457116325939854e-02
5.627228621470838910e-01
6.840701749557864808e-01
7.772504309438945658e-01
1.103730236090320616e-01
8.840016466749089918e-01
1.190029992373030865e+00
6.130077634410522336e-01
8.641859283676498471e-01
8.649387854458117086e-01
1.538670932017523474e-01
5.549571916836910646e-01
4.226962155798561493e-01
7.233229331920085770e-01
-5.430278795759020394e-01
-5.900784647624612855e-03
7.327418526482307737e-01
5.308876094382193322e-01
2.897561109653380429e-01
-1.353268948402383542e-01
-9.325518718290397580e-01
-3.586912463136550655e-01
9.595221358051803096e-02
7.136290355433452248e-01
-2.613892392472124127e-01
-7.282663714973075519e-03
-1.225200766172184208e-01
-5.179549047689830932e-01
-1.585038930402211665e+00
-1.487753312450535770e+00
-5.361444166990800841e-01
-2.103581123624003735e-01
3.843232726642027974e-01
-1.963535100274765854e-02
-4.688309723220593361e-01
-4.154936640356945987e-01
-2.228607842199898381e-01
-3.946355755079355432e-01
-1.622376677435857895e+00
-4.999768129165033659e-01
-1.602322116275511910e-02
-2.813677348922744015e-02
-1.258577136888130443e+00
-1.319388546895291725e+00
-1.457843650650986422e+00
-1.150158463565195799e+00
-7.404299491573360648e-01
-1.036473682630022708e+00
-1.686386853324842727e+00
-2.048036609844614997e+00
-2.124289221461555410e+00
-1.830256621994288624e+00
-1.001011832238336563e+00
-5.832957318586591278e-01
-3.047065236518403664e-02
-2.443605827620173865e-01
-4.360152347104782611e-01
-1.158445050426061718e+00
-7.997294244290855669e-01
7.972562499259705504e-03
-8.546091135270752481e-01
-7.710021931742896406e-01
-5.070553588847168669e-01
-2.273845366645295685e-01
5.815154872164256528e-01
1.763866953544642735e-01
-7.476161961200462613e-01
-4.212501803119546584e-01
1.341892084316752276e-01
5.594803123403755407e-01
6.798623647938000225e-01
7.826022273023245379e-01
6.549161729989190217e-01
6.613959371441280322e-01
6.202166372742294875e-01
2.242805440356570590e-01
5.113594538939596479e-01
2.915667109386862466e-01
2.098537682278391880e-01
-1.140001228995541904e+00
-1.808548773653166464e+00
-1.456628765189316166e+00
-1.426733951854384230e+00
-1.687090520509107794e+00
-1.320850925750383986e+00
-3.169291693307025870e-01
-1.028450846823381504e+00
-7.618984555409498149e-01
-7.078102014202345416e-01
-7.270540854825549015e-01
-1.885596348421864743e+00
-1.436510627253130723e+00
-7.228390333391474520e-01
-3.696589006822307844e-01
-3.914552879665569862e-01
-1.460054971667049006e+00
-1.377864558644516624e+00
-1.271289177893000666e+00
-1.572966383760152187e+00
-1.635459696521879502e+00
-1.269843855565551127e+00
-1.780615921316621719e+00
-2.175069839744256495e+00
-1.366186363853721275e+00
7.565984745461495908e-03
2.757051347105170525e-01
-2.921455541142167767e-02
-2.629739623496397116e-01
2.735611313977424075e-01
-2.944820482837018361e-01
-3.396865961268480394e-03
4.974993350217948862e-01
4.885626033589988704e-01
5.523024097656004106e-01
8.350957789196262748e-01
4.299026807710390474e-01
8.087383934959191389e-01
6.923200972707399536e-01
4.497465722627118634e-01
7.450405216285840293e-01
-8.244714217915644072e-02
-1.613742275259091530e+00
-1.007323979214512333e+00
-5.369519387322734261e-01
-1.976111582226540153e-01
-3.011076031669751574e-01
-1.268863645239771243e+00
-1.029506080844165838e+00
2.309763242139464268e-01
-4.039521810573045157e-01
5.566281019673704478e-01
8.489045517268130059e-01
-3.901172015688169625e-01
6.031162977102879630e-01
5.222040385959449971e-01
9.004519686478587026e-01
1.294759386723674410e+00
1.070443382835456925e+00
9.347821905258444364e-01
7.710351831655399835e-01
6.873418818113050666e-01
3.802843271840572470e-01
-3.946465620917610218e-01
-1.525034419167115907e+00
-1.107408151650539629e+00
1.581850044925384169e-01
6.635433259558163321e-01
-1.400685309229883879e+00
-9.153095648104319082e-01
-6.311103757070752884e-01
4.288322253882087542e-02
2.823596769624112102e-01
3.369708820356349666e-01
-1.495943468103387408e+00
-2.000127073030732117e+00
-6.986103929565807835e-01
-1.614331883329146455e+00
-1.204084003824173355e+00
-1.582725092814864620e+00
-2.107645838267095506e+00
-9.978828723576493864e-01
-6.069268890408010542e-01
-1.026155820461943868e+00
-1.570729313472988831e-01
4.682441806616521318e-01
4.535297203143313083e-01
-8.494151916439801608e-02
4.171755804245974586e-01
4.766189789880426186e-01
-1.190027480508700330e+00
-4.438250402266692984e-01
-2.338975202766671591e-01
-4.069136340799455742e-01
-7.856782620760756064e-01
-1.704987023017079828e+00
-2.149692616647643550e+00
-1.861032784637738136e+00
-1.427917399821300837e+00
-9.703053391750775525e-01
-4.953309862663762275e-01
-6.021539543565381791e-01
-1.746453248802983804e+00
-1.292974812311194155e+00
-4.183382454224442992e-01
-2.570319095839836421e-01
5.037132862727783378e-02
4.046819664875715983e-01
-1.558454847829060519e-01
-1.082498931796260777e+00
-1.093915974897144094e+00
7.977209806974433492e-02
5.161564211558375970e-01
2.206445486026606950e-01
5.086956485692120111e-01
-2.392752249547890897e-01
2.503459876493099312e-01
1.038703159704972567e-01
1.402884090050783295e-01
-1.406090511825116018e-01
-4.418440976076539184e-01
-1.245690757067386745e+00
-1.609580338519970510e+00
-2.090364181661617859e+00
-2.020834483820360017e+00
-1.187148042285744776e+00
-9.542708288600199040e-01
-1.583061535016784482e+00
-1.837278627051337931e+00
-1.144610378331852640e+00
-1.568351509029159541e+00
-1.928132473978839023e+00
-1.543577936353150770e+00
-1.879430773101776531e+00
-1.702597016811556063e+00
-4.346693374083875905e-01
-9.236297185334545468e-01
-5.731075961561575838e-01
-4.247259254873139711e-01
-9.392203724419241340e-01
1.545537432617160589e-01
-2.723167353120838352e-01
4.517198324309731339e-01
6.510256020055480430e-01
8.248304793386285194e-01
1.744700470967865957e-01
-3.405004574861342781e-01
-1.051009777594331673e+00
-4.124650829774197391e-01
-1.875341233002663088e-01
1.436060718630982058e-01
3.823308143944270654e-03
-4.223251911583690288e-01
-1.048364362230137292e+00
-2.150851281697936379e+00
-1.225524838375983139e+00
-1.260597606158198491e+00
-1.261125406972609664e+00
-1.093577944084839881e+00
-1.634009080361457755e+00
-2.181582514505793657e+00
-2.696426497059329019e+00
-1.655421623834875788e+00
-9.835555626095564552e-01
-9.212920022316883895e-01
-1.790583052099129713e+00
-1.421410362594811128e+00
-2.006747606564566855e+00
-1.693682147976871999e+00
-1.873833079904521970e+00
-1.147991165918892609e+00
-1.219838099260988296e+00
-1.608953552580594470e+00
-1.699689736333328760e+00
-2.061682836720998058e+00
-8.681140096123352023e-01
-2.654451813471476740e-01
1.233644043741799479e-01
1.696822164200270378e-01
5.468744378364528980e-02
1.185245658859069851e-01
2.070376781664417520e-01
-9.757429914205173471e-02
1.175180102510197111e-01
-9.230277218525921867e-01
-2.374353281376889502e+00
-1.720918565276623013e+00
-8.707083915025772836e-01
-1.320540354266371175e+00
-9.890553868792235637e-01
-9.342889600513060167e-01
-6.933421215095785239e-01
-1.142783205157603676e+00
-1.195904548812576351e+00
-1.196274867325587410e+00
-1.812273108475584760e+00
-2.303585204918287221e+00
-2.232393683588567601e+00
-1.952628950413407782e+00
-8.834115980729508877e-01
-6.721549213523188016e-01
-6.758248279742629094e-02
-2.501991186867201789e-01
9.791930413901944741e-03
6.872021548433528138e-02
-7.406731850613070822e-01
-1.852001344842927333e-01
-2.985887036960998553e-01
3.470136240542593398e-01
1.552919949261677424e-02
3.186281554988707465e-01
-2.637890974091378626e-01
2.913076632618480377e-01
3.997283442107154583e-01
-2.517236704540373737e-01
3.606841211199432462e-02
1.848487852704912560e-01
2.762961446746058369e-01
-7.469922747765476156e-01
-3.723829277599039478e-01
1.197126726526501206e-02
1.649314523562277479e-01
4.163999900464388504e-01
4.094380929222979915e-01
-1.231576006484481067e-01
-3.709814119534012300e-01
-7.512548078732150802e-01
-4.789557673317373365e-01
-4.056633439820296894e-01
-5.408673594641086879e-01
9.316857241196707662e-02
3.184479412928363784e-01
-4.540556021394223651e-01
-7.578514080136184994e-01
-1.891815653672617614e+00
-1.926910648056319175e-01
-4.247554148878795455e-01
5.878857508161464129e-02
4.122672746190519932e-03
-1.803889760157150191e-01
-7.570884937362332145e-01
-9.073222568222254480e-01
-1.070471464573303555e+00
-2.982101163689583889e-01
-5.700734261904616407e-01
-3.414954636877391980e-01
8.316877953996169859e-02
2.712283125584299404e-01
1.769584947432355504e-01
1.501353641210173007e-01
2.168742883585647596e-01
-5.820265396519511136e-02
-4.155080415860024079e-02
-1.522510192796214801e-01
7.006653441021901130e-02
1.078565127245204036e-02
1.715747456062957088e-01
-2.368845267287145173e-02
-4.915197939178888586e-01
-6.614035336764573225e-02
1.296485315985089204e-01
-9.594059759497230999e-02
-1.802604646203241900e-01
-2.419009796108409494e-01
2.218796490966326862e-01
-4.241149104945770021e-01
-1.776537909990797970e-01
4.019273060633180017e-02
-1.370233764275725075e-01
-8.997803801901926857e-01
-4.327643243554572527e-01
-4.236092239513625235e-01
-2.206345627963182676e-01
-1.534733404887856922e-01
-7.179085369825949359e-03
-1.585848711054318461e-01
-1.180481631428028644e-01
-3.213913757113899261e-01
-4.239887776645315243e-01
-7.454498100096811353e-01
-5.517629702299986505e-01
-1.270772922645364122e+00
-2.578587979813874997e-01
4.397458673401985485e-01
3.236177698697405014e-01
-3.456597298899384829e-01
-6.597590448122714335e-01
-1.189279185102482650e+00
-6.288586846674111275e-01
-2.762439361161699858e-01
-6.924067472795331080e-02
-3.087343047793254525e-01
-1.469435003461025957e-01
-6.295657270528278726e-01
-1.768571805271662578e+00
-1.654417293867093131e+00
-6.309593139236095993e-01
2.441620672740507647e-02
-1.396553747138815083e-01
2.555827384602483709e-01
-1.508999405034379127e-01
-3.551999506099092208e-01
-3.991611568004807542e-01
-1.986925005431527946e-01
-9.736001820882878022e-02
-1.332860378706814397e-01
-7.608189912937275423e-01
-1.271823158939279885e+00
-4.220129096026215554e-01
-5.549846072531758878e-01
-1.983357308566366384e-01
-2.176512812738753966e-01
-5.448526158689512844e-01
-2.485151908553822619e-01
-2.944570239014622226e-01
-1.731290563509667146e+00
-1.853169946016677727e+00
-1.590334108114482170e+00
-3.443625859787184940e-01
-2.503879887963266770e-01
-3.604123683203968587e-01
1.906238203207770432e-01
3.542628278949557785e-01
3.874458596115581965e-01
1.674667714998392953e-02
-4.386550462178079868e-01
-6.610579704179708749e-01
-3.999199578647577025e-01
-8.999973166901478194e-01
-1.805700360109253388e+00
-1.518272644638759772e+00
-1.384036822953932155e+00
-1.209120995795381237e+00
-1.461349050145396067e+00
-2.044024936664064818e+00
-1.517979592828362367e+00
-1.846624993704611972e+00
-2.275969038437772429e+00
-1.467038186704970215e+00
-5.797505207621380663e-01
-1.017138037616355239e-02
3.183786691988210737e-02
2.887058671191151116e-01
1.969763653104996681e-01
-1.084344471572823432e-03
-7.805164703507683210e-01
-8.001612621456681840e-01
-2.257947148754616551e-01
-1.654094941275598973e-01
-3.858443748286286001e-01
-1.519949459547142334e+00
-1.284206906138339876e+00
-3.220312556945932880e-01
3.348129017444199940e-02
4.887932327777737007e-01
4.278241279007943265e-01
1.773056728138728555e-01
5.130243399797724813e-01
7.095950463227114202e-01
9.412943817418124581e-01
6.965818482107679621e-01
2.606102904588804559e-01
5.534370324129720409e-01
5.905270066213389457e-01
7.320669391765208811e-01
-1.824427749057797032e-01
2.835388800543827137e-01
2.798368915605895513e-01
3.955890239537286912e-01
2.764262472631067169e-01
1.556860915345776863e-01
1.135828097432892703e-01
3.420363424951469167e-01
2.639052087320063467e-01
5.726171671498957172e-02
5.063795282132923514e-01
-1.358072445532231831e-01
7.239810970077420471e-02
1.276438151370703489e-01
-1.304772001223707401e-01
2.569632862156295827e-01
5.451022690768327905e-01
4.606192095906746498e-01
1.195749775483728738e-02
-4.902868782242904566e-01
-2.119080405775790044e-01
-7.115817225391378731e-01
-1.851502134667347033e+00
-2.335545065559458955e+00
-1.313732048330600088e+00
-1.324734117047230653e+00
-2.081060017849112764e+00
-2.434277283152521676e+00
-1.222547943912606794e+00
-2.684664604850806602e-01
-4.430642801325084812e-01
1.273552784188400344e-02
4.972919276897450058e-02
1.581144150366298184e-02
7.314646236325839102e-02
-1.012118917349498437e+00
-9.003265333136543092e-01
-3.533008551643621042e-01
-3.528505368699524358e-01
-2.385253913696120942e-01
-2.301166308304202213e-01
-7.661529195001406389e-01
-2.832021726413315732e-01
-9.259503309800248827e-02
-8.534209507673289341e-01
-1.634200698320043665e+00
-1.076944562033353536e+00
3.486015102394894316e-01
1.369968886762313043e-01
1.115548565435866557e-01
5.330803284102763051e-01
6.971099690004145533e-01
-2.344129205316183850e-02
-1.296539063721761975e+00
-6.941178604511122341e-01
-2.131479298772551156e-01
-1.300094884655363270e+00
-5.321454386041191142e-01
-7.842353910381882898e-02
-2.896759888841605179e-01
1.620074004773843779e-01
1.495971626514049913e-01
9.733104359172511932e-02
3.608881349083020162e-01
1.842071867878236902e-01
2.128158258152775817e-01
-1.641237704295320787e-01
3.060398401821452508e-01
-5.166035397739815460e-02
-5.234364440119027018e-02
-2.937666856557564210e-01
1.009491167199419448e-01
9.137390614904752906e-02
-1.321245161124472656e+00
-1.868473200472899887e+00
-2.205826467636245791e+00
-1.000426403516452734e+00
-1.548659776687239198e+00
-2.769294596288701116e-01
-3.458601199172897100e-01
8.944416561804008348e-02
-2.960024083304813036e-03
1.134023790994860836e-01
-2.745507630478635774e-01
-1.029308408008836606e-01
-1.118109433594658975e-01
-7.178666388832616319e-02
-9.710340105903227936e-01
-5.259646572246274854e-01
-6.147774209170160375e-01
-1.318941274089652449e+00
-2.023385617824391858e+00
-1.118980890915739046e+00
-4.607618915851063313e-01
-8.756633495378296494e-01
-7.074642834828890336e-01
-1.691733367720065662e+00
-1.927990778397453475e+00
-1.502285205328301121e+00
-3.350741335454612835e-01
-3.598006918345322824e-01
-2.359617412729232977e-01
-1.991903909007667894e-01
-2.042781595467664246e-01
-2.945389915117606061e-01
-2.019640972882411067e-01
-1.725699713971362570e-02
2.660341561285851086e-01
-1.248520569717995965e+00
-6.141228540635608191e-01
1.077716516176871475e-02
1.837818400210478598e-01
2.758163757299136321e-01
-2.856297835721188227e-01
-5.400223011100369064e-01
-6.530164894112073792e-01
-8.693153935032407187e-01
-6.678073358649607716e-01
-4.778337366222027982e-01
-5.764417427062589194e-01
-7.998089280823978964e-01
-2.307584696353897624e-01
-3.342060738629103467e-01
2.391569987145410470e-01
7.651191610386922637e-01
6.653465416265038623e-01
7.152004763375980900e-01
6.163320739913966673e-01
7.236553273755075288e-01
4.798276924117251263e-01
1.554098787530294734e-03
-3.182119676534755914e-01
-6.041498063936173724e-02
-7.349244221727886384e-01
-4.758139611316714035e-02
-1.599655223009495697e-01
4.683748913012553139e-02
4.713481879834237609e-01
2.875430886534694475e-01
-1.283966207733045151e+00
-1.687570625949853298e+00
-1.122366490721873888e-01
-1.264631230028551379e+00
-1.296405536404856784e+00
-6.425915319600663533e-01
-1.083276762965853512e+00
-8.449655569422813706e-01
-3.582064611123990105e-01
-3.841075977255611895e-01
-3.308460274298642978e-01
-8.783329169568574457e-01
-1.066228138814009796e+00
-6.019475669335281331e-01
-1.603019073227247349e+00
-2.156165881250978966e+00
-1.777058560299833889e+00
-4.328185927456353332e-01
5.977055061400272928e-02
-6.268681790845870294e-02
1.228802747029227593e-01
3.457473106760128312e-01
4.850063612282540793e-01
4.575608536765053969e-01
-3.479531625050178434e-01
-1.048956392125174553e+00
-2.982714069703428783e-01
2.101500457221862628e-01
4.955585512114783764e-02
-3.473273708312468733e-02
-9.488331805808241093e-01
-4.164637810292793341e-01
-4.407525226593441148e-01
1.441886746005038300e-01
4.107073029390690411e-01
8.727643896093653653e-02
4.952435972890020799e-01
3.002892140963976386e-01
2.716462926859994909e-01
-8.785458090084857785e-02
-5.009362210688530492e-01
-2.974821092226592190e-01
-4.009833980112780805e-01
-3.151278427847720165e-02
2.929474515662217060e-02
4.941706363198616891e-01
4.053981028459596736e-02
5.227590568338014165e-01
7.081191188179953855e-01
9.550663598645112717e-01
7.768398377919807363e-01
1.001652858018171166e+00
1.099680566198225407e+00
-3.587082271962432345e-01
6.787478931569976837e-01
4.274414987117073905e-01
5.813426661188632050e-01
3.807013598683461897e-02
-6.621718969504516994e-02
3.195629020767986606e-01
2.354737474281798359e-02
-2.090891430801423145e-01
-4.205108513463131081e-01
-4.485958240403891684e-01
-2.146638877949821556e+00
-1.729277514397193460e+00
-4.285886676581200372e-01
-4.004017558786287512e-01
1.106832381156090950e-01
3.005880225153062524e-01
3.257248047658872769e-01
-9.097042768708161198e-01
-1.990039322060073168e+00
-1.203625395435263368e+00
-1.606407454969724924e+00
-1.731144719455614212e+00
-8.164203498325210973e-01
1.675383228790904844e-01
4.721512204784791833e-01
1.764398497914387298e-01
1.400070908134478653e-01
-5.505984532431626999e-01
-2.349316549398514087e-02
2.327626397532171210e-01
1.591264786484994365e-01
2.093083590692491613e-01
4.880891543418081624e-01
6.921351871619656482e-01
2.770748782586418546e-01
-2.136138577901967595e-01
1.853450437294554276e-02
-9.233287495613922147e-01
-9.197338558687648269e-02
1.508791497534426596e-01
-1.886319810340125191e-01
-7.491678087498576666e-01
1.486914245780330823e-01
4.064282483112462985e-01
2.314049647503604312e-01
-7.869783652798376661e-01
-1.178332167015908372e+00
4.375069394874180895e-01
6.743977409555046432e-01
-4.982889647151640955e-01
-6.681772143645803297e-01
7.124753327383392953e-02
5.813442467249620993e-01
6.070162874277051923e-01
3.547369615113648011e-01
-6.228843943875053135e-01
-3.210667815323675067e-01
-2.234230605428895733e-01
-3.155487372697285409e-01
-1.266942141408995859e+00
-4.140238022579076360e-01
-3.754727389629229362e-01
1.907462847972944964e-01
-9.022030360704158536e-02
-6.908331326005765494e-01
-1.182575597683062973e+00
-4.562075017597604920e-01
2.106277209738011691e-01
3.412142398557315714e-01
3.867240463603401901e-01
6.666351767783331717e-01
1.325702163632269226e+00
-4.799120973995736894e-01
2.030404929843308559e-01
-6.818121068303566457e-01
1.817133048482084678e-01
-4.302032013503964136e-01
7.598199299483243685e-01
3.894601370470323620e-01
-6.822736334993333429e-01
-5.960151431131266442e-03
8.680744070457968586e-02
-3.347810230930781117e-02
2.024482970770875856e-01
-5.026760592282357720e-01
8.829692500745851547e-01
1.119979796953939566e+00
-2.690134383351835967e-01
-6.479116221502172479e-01
-9.491983720128471802e-01
-1.206127778453684352e+00
-9.534901961826582895e-01
-9.288766480769572453e-01
-2.350468342370445329e-01
-2.333740808337598227e-01
1.232950793205122991e-01
9.809520306004784751e-02
-1.801836766328366868e-01
-5.652411629168203611e-01
1.566250911392617629e-01
1.224368076537882821e-01
-3.621422909089971331e-01
1.951240058562095647e-01
-2.554169189460678835e-01
4.637936882007250849e-01
-4.361219340054089955e-02
3.737874672722257263e-01
-5.157724733957824714e-01
-7.084556031151711952e-01
-4.517805865177204616e-02
-3.816129225194292429e-02
6.942037245126160550e-02
-4.108330509156938315e-01
-5.299683918584472408e-01
-3.806982575425670867e-01
1.215040484342096438e-01
3.130855040287412461e-01
7.212810773877309511e-01
4.192848506206036108e-01
1.197560324610096871e-01
5.946071909957386659e-01
6.177077634647110127e-01
1.264855333152705041e+00
6.466374419860713152e-01
6.650605473246435917e-01
-8.614023654629405780e-01
-8.284458611857301036e-02
-8.457423696410675262e-01
-2.351335707295240662e-01
2.194894355489715454e-01
4.805378764047955054e-01
-2.769152573037008680e-01
-8.428481916879151381e-01
-1.602038920859183868e+00
-9.936462927081604057e-01
-2.892705070131445511e-01
-3.516186227256206664e-01
-8.915607703041117382e-02
2.951973966686438633e-02
-2.473660555641927217e-01
-3.270039561072655143e-01
-1.671206456791219930e-01
2.264362683239967700e-02
-3.721141386571922838e-01
4.484603475844640141e-01
1.855116151806830427e-01
1.000730937909541929e+00
1.078045753355536096e+00
1.070029481260271753e+00
9.608047356638316217e-01
-4.141031389095762294e-01
-4.614471780096462417e-01
-3.491297058419930432e-01
-2.064974559448691238e-01
-3.311728456266995191e-01
2.784249560131193957e-01
5.596382707143872093e-01
9.697364278287450290e-01
9.827615839136405462e-01
1.103334592753117072e+00
9.441662153612633279e-01
3.704425907451338040e-01
7.704241650993362001e-01
6.756818641468729236e-01
4.841518812364052904e-01
1.771639308376685984e-01
3.594940820423918604e-01
1.613029866269735657e-02
2.885683895915987507e-01
4.683587809630472276e-01
-6.038603635977393136e-01
-3.081259716407301341e-01
-1.026163273985437052e-01
-6.353136340563640960e-01
-4.734597352630748879e-01
-5.364285115141060878e-01
-3.983918230989119125e-01
-9.067466259990195621e-01
-4.542659091541664806e-01
-1.327098900175999185e-01
9.243211750423149797e-02
2.288686295552938565e-02
-2.705057880909953472e-01
-3.273745090989841344e-01
-1.454443701873063266e-01
-6.746267588107541791e-01
-1.197252325343666213e+00
-1.623563440441219585e+00
-1.259784941598007801e+00
-9.223952068518717073e-01
-5.256458527452787521e-01
-4.606761686451300020e-01
-5.221202458014171377e-01
-6.454423554676209651e-01
-7.136846613019502961e-01
-5.203076636436776425e-01
-3.196696887611958360e-01
-1.679496270793204293e-01
1.525807625125330524e-01
-1.553083021100695738e-01
-2.096845891821240149e-01
-1.948340048772062016e-01
-4.780363163556815009e-01
-3.102214001299472002e-01
-7.526523475920816608e-01
1.958595395537110484e-01
3.287233592641726210e-01
4.389668311699367331e-01
5.238989102569675538e-01
5.046865755416480859e-01
7.882594633294656705e-02
4.358313304464356275e-01
2.689564771555569278e-01
4.966158653295395520e-01
6.181505746257807132e-01
2.920936284415113215e-01
3.698646374734040898e-01
3.091576851816181803e-01
9.306650022787144039e-02
-5.061695990493138009e-01
-4.828872044279956532e-01
-1.445181026861491747e-01
-5.305228189112614068e-01
-3.147814308099088909e-01
-1.882237184451919232e-01
-1.318147152077262962e+00
-1.369773430489990007e+00
-1.804271635591824019e+00
-1.979429462105660953e+00
-1.902764765711103312e+00
-2.253692278912336810e+00
-1.798934767318222772e+00
-9.585299175494257362e-01
-1.963269417287207275e-01
-2.399497408133216547e-02
2.280624645480971990e-01
1.171826766893961924e-01
1.433586008782969379e-01
4.185378056926826740e-01
4.740674349432940637e-01
2.616156891496685399e-01
7.861515763360710229e-02
7.717724976328302344e-02
-8.305414227971025243e-02
2.487896750195427997e-01
-3.964458731908331868e-01
-1.974537588636821606e-01
3.180833866883345240e-01
1.217303863538068687e-01
-6.714886347701487512e-02
-5.807645163390513510e-01
-2.445836942987859031e-01
-2.260055729144103687e-01
2.358301159718633744e-01
2.931681214468787600e-01
4.923810672187629023e-01
4.699111489575631961e-01
2.970370303792517208e-01
2.637430512636980140e-01
3.486432044583832601e-01
3.704372956950720552e-01
-1.157930774129889984e-01
-1.985293812696489746e-01
5.574744627127831142e-02
-7.350439439756750737e-01
-2.738011148803381478e-01
-5.715561742941952517e-01
-2.273244194476454205e-01
-8.588760568162576714e-01
-3.360262575581798861e-01
-6.159285851006635060e-01
-8.455248066214926528e-01
-7.941878450503312425e-01
-1.368753250113216691e+00
-1.755815762511530931e+00
-1.627046249350859952e+00
-1.821385733509883309e+00
-1.602397293386728983e+00
-1.663455476851684489e+00
-2.086387718616755649e+00
-2.172373652312847181e+00
-2.251729051035141982e+00
-2.538913280090548508e+00
-1.860102640902849824e+00
-8.554103090621747452e-01
-1.783878818844262804e-01
-1.398193399312973595e+00
-6.792928885224081004e-01
-1.601952564878596608e+00
-1.705129697996467186e+00
-8.263807603484993880e-01
-1.983675448244468065e+00
-1.494558602893850452e+00
-7.839546317848435919e-01
-1.196254046874661303e-01
-2.017142638890195294e-01
-7.101011834902439812e-01
-5.575396729339305857e-01
-1.377502472923789245e+00
-1.342903072178125212e+00
-1.113039430665093033e+00
-9.563035622970015304e-01
-1.017054290694367369e+00
-6.412568533367326573e-01
-2.754554030648950769e-01
-2.494758866147089305e-01
-3.955831350712484817e-01
8.393987997986535055e-02
1.139983520334477141e-01
3.181877301740345110e-01
-8.629508449488493271e-02
-2.051856220340009807e-01
-3.751465949426520674e-01
-4.187980212845501815e-01
-1.314403671679767460e-01
-3.308596995153124110e-01
-1.737254374964543935e+00
-1.990699190927125439e+00
-1.364701643677926013e+00
-5.230120843369998607e-01
-7.562535042651152839e-01
-6.305793956914726994e-01
6.144564363371463056e-03
-3.866650884105277131e-02
8.756601784706935510e-02
2.860187545975333978e-01
1.158553472691116748e-01
-8.155031889637667231e-01
-1.493878423868935768e+00
-6.037007712493047684e-01
-9.672411374287276375e-02
-1.189963593288479560e+00
-1.175791244887594234e+00
-1.446403921532758430e+00
-1.929866803788186314e+00
-1.990641817301164185e+00
-1.481110756145527008e+00
-1.507943382460501525e+00
-1.346207625472959135e+00
-1.041535436710438134e+00
-7.571939913804068834e-01
-4.160634423218559363e-01
4.054909069004647426e-02
-6.464729268520834626e-01
-7.609988685624684557e-01
-1.343714158470157960e+00
-1.001484909052140493e+00
-1.298653575121497816e+00
-3.221647988791689898e-01
-3.373419334640528899e-01
-8.046196106345984145e-01
-1.563804349693896367e-01
-1.272947630834189603e+00
-4.614343206460396751e-01
2.747574433589574094e-01
-1.050063051834711825e+00
-1.036542934764216106e+00
-8.605801701596331732e-01
-4.243382010708501295e-01
-9.114105397863239144e-01
-1.556201264911561299e+00
-1.137007666941147299e+00
-7.469572714287364690e-01
-7.787315588298007185e-01
-8.589312659552696960e-01
-5.668803525126415721e-01
-1.728460806058946808e+00
-1.985607057501005634e+00
-2.256251046871226240e+00
-1.246646405835541316e+00
-5.997212847174389072e-01
-6.938240703128412123e-02
2.525089225887344191e-01
-3.295168402146855802e-01
-1.402370286394950760e+00
-2.013887802021366635e+00
-2.441520582364341774e+00
-2.792414648241758446e+00
-1.899143342450146932e+00
-1.704184257947905845e+00
-1.441851093068708511e+00
-1.697841225881085325e+00
-1.388151379127837703e+00
-1.766172409495630369e+00
-1.464376816681812521e+00
-1.587909531216684211e+00
-1.530858776430861434e+00
-5.948225577310446432e-01
-1.138620731654183538e-01
-3.390460485581088812e-01
-4.474252799830620853e-01
-1.124454228000478229e-01
-1.114915895696250603e+00
-5.203737467037277131e-01
-4.830544737920806075e-01
-1.015516085381450884e+00
-1.445487558298049535e+00
-1.823133300304295989e+00
-2.340453808356862009e+00
-2.337218282915977330e+00
-2.277341905522965781e+00
-2.234894765537770223e+00
-1.946291689051676599e+00
-1.338365391019603834e+00
-1.143363313315121088e+00
-9.375382847369542194e-01
-1.246792120315507013e+00
-8.658220198922577104e-01
-4.072478498162302452e-01
-1.396380686396461734e-01
-1.006792671560649444e+00
-1.285863905921549755e+00
-1.696499065616838386e+00
-1.931613281254418890e+00
-1.078317208337729705e+00
-1.262930421919587598e+00
-1.616587650587099745e+00
-1.503023013117736451e+00
-1.781663806593363653e+00
-2.137850775876752873e+00
-2.082603285980245467e+00
-1.677299475619728364e+00
-1.302637276391263477e+00
-1.616427595758901159e+00
-2.007232167609933171e+00
-1.809408594025574857e+00
-1.136306766430420279e+00
-9.190255379144696146e-01
-8.222877240939086008e-01
-1.244571657734580006e+00
-1.820244985272399196e+00
-6.739915172831241197e-01
-5.570605468123726034e-01
-4.606735649326632598e-01
-2.650571233375929592e-01
-3.654367431301551172e-01
1.887133413544711535e-02
6.822714948525054890e-01
-2.462961047739478659e-01
4.178494435062822254e-01
5.262851740295331204e-01
5.104883623946840920e-01
1.165187729933129912e+00
1.537915884959844881e+00
1.308200145010223192e+00
7.962484935368450145e-01
7.651941509178028511e-01
-7.073259907126752122e-01
-8.310642301989817904e-02
-6.742347254364868814e-01
5.664913247428410292e-02
-4.703864464483323293e-01
-1.623592473220856758e-01
1.707465371817415423e-01
8.341780846390816073e-01
5.225796297859655049e-01
-1.351482009628615644e-01
-3.274938988673530837e-01
-1.116671317064779068e+00
-6.718198710203908686e-01
3.386534411000518552e-01
-4.500229569598986346e-01
2.390565956084683696e-02
-4.099504745981479847e-01
-2.795090492838264717e-02
5.476945548758278548e-01
6.360733718988429430e-01
3.617141244046079840e-01
5.177272446628706781e-01
3.162360809585837429e-01
4.735300542083237807e-01
3.046907506895107920e-02
6.662144517894077467e-01
8.088730629239480052e-01
4.098073679159676685e-01
-1.050352470774537750e+00
-1.751811204081941131e+00
-1.923328883565268210e+00
-1.070747988126737438e+00
-1.274857306604458396e+00
-9.115699082355606109e-01
-1.122335753195469743e-01
9.072035734965017140e-02
-2.912597884190631370e-01
2.850291290740054051e-01
1.046568752717997319e-01
8.289545944803864419e-01
6.728599323750037442e-01
1.860514305716466921e-01
7.350551036604406896e-01
4.827954024379561004e-01
3.475983881310770740e-01
5.545148182595043274e-01
6.187399516130651644e-01
4.300110744768059212e-01
5.911265752435940213e-02
3.711268801945943330e-01
-9.576433512642670287e-01
-2.628040455725933477e-01
2.103984545871004364e-01
2.671230491659457029e-01
-7.568404509895382271e-02
-1.139774847432440397e-01
-1.529298054512278626e-01
-6.199365981092702649e-02
6.643190805863324888e-02
3.784887783326435495e-01
-1.320915081180907280e-01
7.321257606062139267e-01
5.485026778093877731e-01
-6.821824125912521186e-01
-7.659490346273939432e-02
-1.584388591421070469e+00
-7.647358550666050192e-01
-8.636626859978019377e-02
1.229138524378804997e-01
3.416254684023191657e-01
8.184699325714110962e-01
4.901704984744474358e-01
-3.253129374005326313e-01
6.966496091984447636e-02
6.783475672726861916e-01
7.693010015691488235e-01
8.012164100691071544e-02
-7.346682076192481148e-01
-1.315751801418189038e+00
-2.112708008784364822e+00
-2.329987903628534696e+00
-9.232769340819033665e-01
3.136658426519675635e-01
5.226952695439113228e-01
-1.223863527312069932e+00
-2.253800045676640273e+00
-2.129483749142615068e+00
-1.383017289402645345e+00
-1.210607140338941790e+00
-1.118759532066984752e+00
-7.485117427541070345e-01
-9.050520951504390510e-01
-5.748013623894279167e-01
-2.272094004117071742e-01
-3.355097170881352064e-01
-2.357557289378516274e-01
-1.293275507279221803e-01
-1.509051532687180619e-01
3.982253625928959262e-01
-2.277183846455186900e-01
2.694141064543433273e-01
6.040313630065046180e-01
4.853816958106551005e-01
7.284514687151755208e-01
1.071243600310368693e+00
1.178763081834032223e+00
8.125234352417802786e-01
-4.040826009623237902e-01
-2.425693972989718117e-01
-2.089129363837179398e-01
-1.479940286344797240e+00
-2.004874187900450355e+00
-2.538497696144832005e+00
-2.835767961005355886e+00
-1.656652620862796965e+00
-6.261228123534552381e-01
7.041966355407763833e-02
2.059402780777846997e-02
4.519260505619217549e-01
8.359953074273229756e-01
4.560627343855961358e-01
3.663753876639527784e-01
3.839275060223001357e-01
7.118504357674646510e-01
8.142928477885589267e-01
-6.424571710182519491e-02
-4.882324362300734522e-01
-1.227201986266061695e+00
-1.521266892318592134e+00
-1.842737370865650481e+00
-1.867917969887695762e+00
-1.448443795272922996e+00
-1.263136469359102287e+00
-1.088775049177761467e+00
-1.805561557134862882e+00
-1.259172729627436649e+00
-4.180727454450834935e-01
-9.194718127646056560e-02
5.864504917632653580e-01
2.164953613834257884e-01
-1.251591633659651648e-01
-5.835189242219979144e-02
-6.249916493269387363e-01
-6.101853638377547906e-01
-5.099762756596359914e-01
3.790494428294716167e-02
9.974068786019024691e-02
5.638723415857527232e-03
-4.762986818243666876e-01
-8.734351971364331391e-01
1.942164854175246202e-01
3.026377588955672659e-01
9.123198503077833976e-01
1.203361110161139225e+00
1.439596151198443863e+00
1.239834241660379588e+00
1.260919887379886140e+00
1.058359021638555442e+00
1.401041432437761358e+00
1.230374692469643483e+00
1.282965585414720611e+00
1.253050465304781591e+00
1.525921830296731230e+00
1.278280405420161969e+00
1.289478056125866523e+00
1.618860967728616096e+00
2.034099636325477967e+00
2.115539793389503487e+00
2.265484128897555127e+00
2.456048015186822475e+00
2.139377545623736054e+00
1.427203658532266717e+00
1.824389920870355342e+00
1.367947637880086997e+00
1.116472719508181610e+00
1.390633915103267393e+00
1.197035948504135083e+00
1.477990207777209575e+00
1.536797929627438997e+00
2.060894881174035742e+00
2.275077065860430459e+00
2.680637907821918908e+00
2.269734365308201607e+00
1.014322463612792324e+00
-3.017427117743140541e-01
-1.960260857134251022e+00
-2.314244848364021667e+00
-1.973071624697483539e+00
-2.107543446829560629e+00
-4.029548416079145601e-01
7.786089704907539488e-01
3.058318776435367536e-01
2.694036513078917339e-01
5.350329022459446859e-01
7.077402059958426417e-01
5.819008391809263880e-01
7.804236100201153992e-01
1.318291917443852879e-01
1.607526299605333553e-01
-6.525000847742995491e-02
2.979010185986857850e-02
4.400293200533452187e-01
-4.108068441821396966e-01
-6.394202046010144525e-01
6.141191378526517086e-02
7.113813521516532123e-01
7.069749226588726287e-01
1.536407408708992950e-01
3.956276007378258242e-01
4.269746654811252817e-01
1.264355425046331138e+00
1.084364755595087049e+00
1.637662452145295378e+00
1.377268763348865388e+00
4.497704295997784207e-01
9.359856662581753639e-01
1.781036082498964834e+00
1.382130070995912341e+00
8.340056715483328276e-01
7.114574484755162853e-01
7.983836702157085519e-01
1.095321702573497813e+00
9.902262013678138075e-01
1.056917546723490808e+00
1.487409629647971077e+00
1.048887841345762739e+00
1.202483923919564823e+00
1.493103429958372530e+00
1.527637177340431585e+00
4.529770966239870522e-01
6.160924710435575768e-01
1.120260982277335726e+00
-1.412766561129145115e+00
-1.565471311144852162e+00
-1.423328527465351101e+00
-5.091266645267811253e-01
-1.099084966665137442e+00
-1.223826837340725171e-01
1.869869421768849960e-01
-6.826879784251066452e-02
1.024649372553692706e+00
9.475487051482021084e-01
1.553219431308210829e+00
1.821036724756990299e+00
1.785668319056180398e+00
9.593839882568722111e-01
5.704158455244559001e-01
5.028558545200541019e-01
-8.867766542006032537e-01
-1.562792366627848484e+00
-2.230175767379972473e+00
-2.062045634317519305e+00
-4.045215087001287624e-01
-1.918979134005186715e+00
-2.244115737971768443e+00
-1.215992326785336974e+00
-1.015284742133184093e+00
-1.937429802393443534e+00
-2.599415334382012777e+00
-2.099726419078818740e+00
-1.297983041579001462e+00
-9.314024404769072341e-01
-4.303591915460664441e-01
-9.385909786990670467e-02
-4.920979237045903232e-01
-8.932764548277865035e-01
-1.029075559020909081e+00
-4.116989446496886473e-01
2.571825140428902756e-01
6.229364298202764161e-01
1.006951676742285917e+00
9.325316823769871366e-01
8.779439316563544260e-01
7.996401704638400609e-01
8.851629426091063291e-01
1.295772255491060843e-01
3.896679004319875128e-01
-4.746114335512680582e-01
1.006399594485410109e-01
2.828859589933503393e-01
1.778831518552642654e-02
5.562131488142939562e-01
7.093846731319310983e-01
1.077326724654989132e+00
3.436807631824065346e-01
8.734550401425398292e-01
5.363299321157846133e-01
5.231162726614027036e-01
-1.955364544667875792e-02
1.553161237383421933e-01
-5.519831745599046435e-02
-1.438889720472029121e-01
-1.807556155005378140e-01
-1.604773645735317444e+00
-1.054020080154357775e+00
-1.855424911519657272e+00
-2.257865415562096079e+00
-1.418610641379308035e+00
-9.391363660585816397e-01
-9.746659569732116779e-01
-2.379171128835273041e+00
-1.045885024092599647e+00
-1.472196930800792503e+00
-2.092534900387323926e+00
-8.978686070452708279e-01
-5.918559763720496747e-01
-7.203978093467673371e-01
-6.899756009629969267e-01
-1.264911264131809654e+00
-1.132203827866058443e+00
-2.963555748291530345e-01
-1.213721517298731234e+00
-1.499580005033392949e+00
-2.073658856265489181e+00
-1.637646656546134727e+00
-1.719129566125286335e+00
-8.928608153914689982e-01
-2.264010606697186567e+00
-1.274385745111545898e+00
-1.744687439387851535e+00
-1.452588601589716699e+00
-2.203767996755092717e-01
1.037463630346824095e+00
1.234703411136337969e+00
1.523655122295567432e+00
1.011032758371211315e+00
9.733663890761654613e-01
-6.355019652624653848e-01
-1.356307244040785953e+00
-8.081597458347178353e-01
5.428597139382984604e-01
8.149912100677931814e-01
6.444005491382498452e-01
-1.257026684241612902e+00
-6.467903360223261622e-01
3.552180550881900434e-01
6.477006430116134528e-01
1.134971736228813421e+00
9.555450170233947826e-01
1.196549452410204051e+00
1.119974971904853511e+00
9.651560663558214070e-01
1.191683395545411139e+00
1.037123417962754202e+00
1.033181127405362609e+00
1.143144351849813001e+00
5.499217617745564279e-01
-8.406463633166276761e-01
-3.104934964303349143e-01
5.002851157180792097e-01
1.141883993680253839e+00
5.354496450553902775e-01
-6.679979819063632807e-01
-2.313079528388676032e+00
-1.567969796660516391e+00
-6.608665190167650749e-01
-1.109064900361239170e+00
2.238021688678206167e-01
4.486705901192318269e-01
2.717400711885425424e-01
-1.372370294469721919e-01
-2.759711651461416726e-01
-3.549163954441931224e-01
-7.060055771135502756e-01
1.392274570761116714e-01
6.296002144985304305e-01
5.626926076612623895e-01
4.868026269401762862e-01
8.114710004890557382e-01
1.034206136784034058e+00
1.050516624271001120e+00
1.418924735200600140e-01
-9.580851712567470813e-01
-3.794575997850758164e-01
-1.458301397684568457e+00
-2.071926881181797686e+00
-2.228553664316214711e+00
-7.265829262402798694e-01
-1.817989151599098241e+00
-3.211465962665745466e-01
2.779212921646615486e-01
8.911339872209980140e-01
8.397006310791081951e-01
5.530032291709985337e-01
4.579148741938185441e-01
-3.165926858618772211e-01
2.585352859998807928e-01
6.782323708889423930e-01
-1.009546642412645356e-02
-1.079941120508588481e+00
-6.679519115533498752e-01
2.200696337972969374e-01
-5.471549616856730136e-01
-2.019668212518530570e+00
-8.863847096005792459e-01
-1.330423986632929712e+00
-5.239689875713609002e-01
3.948831472719726010e-01
1.461353255901121750e+00
8.869519863635053625e-01
5.536249925067150413e-01
-1.015856222647262275e+00
-6.647831782995914374e-01
4.492376066815639279e-01
-2.081775063114623681e-01
-1.691296671410323027e+00
-4.720699238676471787e-01
-4.686916239700292253e-01
-9.753194144692252099e-01
6.070141479233273074e-01
4.438259127474111776e-01
-1.506422141234928347e+00
-1.515420411352843555e+00
-2.547360825002023432e+00
-1.920379725051075681e+00
-6.628757071333193363e-01
-1.107168309352942082e+00
-1.241935192161391699e+00
-8.725190292514088952e-01
-7.712315616561176146e-01
-6.619640064423784054e-01
-5.672974210946450935e-01
-3.384197019673475526e-01
-9.125160679486095106e-01
-7.932973347278160503e-03
-1.684571057742831335e-01
2.256384160448700049e-01
3.000558539901591604e-01
3.668937286155526944e-03
-6.640358190053261556e-01
-2.778419650434199029e-01
-8.487164619472156168e-01
-1.522193545002389792e+00
-6.275965357523272115e-01
-8.900742820002267575e-01
-9.451072488838190289e-01
-3.836885626625213264e-01
-1.041877522765344066e+00
-8.543917740171251829e-01
-1.822808044047868337e-01
6.478035477079224780e-01
9.219966487560276036e-01
1.053981730369161207e+00
5.016903646586809984e-01
6.070758124007222811e-01
-1.174084503999902052e-01
-5.040905315963830624e-01
-3.995061474169845916e-01
-8.071417724206988442e-01
-7.012477609275187262e-01
-2.711271915866177995e-01
6.952010371167799407e-02
-3.286095354507300170e-01
-7.140088896118272910e-01
-7.096251235894939224e-01
-1.916735384407577403e+00
-2.676439602316300181e+00
-2.478234339526259600e+00
-2.515663079124607737e+00
-2.436779654915350424e+00
