1.795679602911834927e-01
2.123322887093697098e-01
-1.747379386018037550e-01
-3.696669037451538742e-02
2.033250236496182417e-01
7.038292791892741818e-02
-2.488407824409542002e-01
4.518625964336830947e-02
-2.202211847306978498e-01
2.108497111922638112e-01
-7.331651920996860028e-01
-6.692381518195127388e-01
-3.618522661499392612e-01
6.131796218943152965e-02
-2.369264191639057771e-01
-6.422190556338414069e-02
1.738078822967747961e-01
2.559616084093305766e-01
2.660358794876938049e-01
6.980697033574214672e-01
6.777847395675058451e-01
6.265722039654777475e-01
9.032166606664220332e-01
9.334022540631559117e-01
8.883218652262598880e-01
7.584878935548489132e-01
9.172926894210577942e-01
4.624993285062086734e-01
2.783490458514452648e-01
1.514205543385642727e-01
2.051164733172976540e-01
5.702203088089050631e-01
4.233302716545455091e-01
5.070733631161816746e-01
4.243044737781653808e-01
2.088518118623015063e-01
5.760238601387861479e-01
4.260455127608251402e-01
3.571423438786758275e-01
4.888721378007980789e-01
6.416351752484885651e-01
9.460684241466124078e-01
6.060493745261195109e-01
2.561314218507177998e-01
2.459243172675362743e-01
-1.294520485716166291e-02
4.299135913228901984e-01
6.230884708546993167e-01
5.622117594594508994e-01
4.289381085245977943e-01
2.877117986660926441e-01
2.765288775682419598e-01
-1.011441379839608246e-01
2.475456276140448608e-01
9.904421800161777867e-02
2.259731279438166318e-01
3.087279248965426603e-01
2.530466199762804180e-02
7.386592726704228618e-01
4.581379577157491667e-01
5.601785624464881153e-01
-1.309084925811134781e-01
-9.497786338571012621e-02
-1.207748351661512842e-01
1.443121669879392499e-01
-1.702413073672124355e-01
-9.026829378768974621e-02
-4.592255557152067347e-01
-7.086758664349095405e-01
-4.333806887152000797e-01
-1.310969127639980414e-01
-6.474602121004620070e-01
-2.105047872883489823e-01
-1.611011053548065952e-01
3.804188785479727386e-01
-3.545389675531054330e-01
7.619638609184953282e-02
4.723617529734402964e-01
8.098614289045023007e-01
5.494143699159765859e-01
6.325762266027763481e-01
7.886011364645790778e-01
9.207300320907978453e-01
4.881520240052674708e-01
8.673243756036672636e-01
1.035748278849384807e+00
1.193396987197566261e+00
1.185819516528296980e+00
1.118175103523305403e+00
1.182616325843187877e+00
1.212604793779150647e+00
1.014930718270067089e+00
7.709047975770726424e-01
7.742324450304391981e-01
1.487065301969510145e-01
2.120237005423479815e-01
5.135173154205023849e-01
6.197362805821429177e-01
7.462442452093664969e-01
5.467347577660701674e-01
6.596158070832127684e-01
6.931635999256391401e-01
8.718018582070987677e-01
5.671139270656411213e-01
7.620522410228418586e-01
1.061161397834116116e+00
1.315073595532415318e+00
1.032217837297273899e+00
1.131946266555225566e+00
8.710860451276807304e-01
8.646930399991550331e-01
7.717018137801945343e-01
9.805542733779679665e-01
-1.335737837170309916e-01
-4.047527940590303075e-01
-4.454068505594026561e-01
-4.933623855735147501e-01
-3.690222549757464776e-01
-1.615068093229581336e-01
9.601588947250849770e-02
2.858489176318101954e-01
-2.049390629926599594e-01
-3.217357365519233348e-01
1.536555888658504010e-01
7.366958382789245974e-02
1.398171212635750393e-01
4.969569905032233947e-01
6.591993188663445302e-01
9.247000730580352545e-01
5.008247064758317713e-01
1.141987886057539647e+00
1.483819825126561298e+00
1.435541274439174231e+00
1.356909226813952873e+00
1.402102702409621315e+00
1.492430643927380451e+00
8.935114821271996632e-01
8.347368690403715874e-01
1.298102695810912532e+00
7.535984860323807766e-01
9.284622363144947599e-01
-1.104980972781783866e+00
-1.370536268464278118e+00
2.174618788946918180e-01
6.574231573969679943e-01
-1.331496954726646420e+00
4.773832325519693498e-01
2.114549743701399365e-01
5.705452304560014731e-01
-1.892910023275006015e+00
-2.284818555948856300e+00
-1.383828547141247256e+00
-1.067032736729413900e+00
-1.808423706786807195e+00
-1.665768963652679790e+00
-2.007747394272194619e+00
-1.795744407187453540e+00
-1.725858527954713395e+00
-1.552462655486720022e+00
-1.541977697953377913e+00
-2.444187823457931508e+00
-1.807246775040422193e+00
-5.332295134454083652e-01
-2.740547990392938615e-02
-2.269360544448701944e-01
7.946410706755369091e-02
7.150285983030424397e-01
5.296576754971069612e-01
9.385177136838600553e-01
1.111337727169197542e+00
1.146220189761552710e+00
1.076442539320967562e+00
4.746452415929578450e-01
1.499129133778962952e+00
1.262460470554839453e+00
1.095832506705311626e+00
1.217679633425536867e+00
1.471666966928844467e+00
8.547912576284231179e-01
1.177123486467737123e+00
7.146178197692449885e-01
1.492573113506633575e+00
1.358778598608670674e+00
1.381108541852400506e-01
8.429972951772519707e-01
8.081601639106512636e-01
9.638224934508259345e-01
1.973507847908884116e-01
6.443196218019067167e-01
4.661381590163786726e-01
6.855857181293396607e-01
1.084176948932851658e+00
8.219065526378628306e-01
4.211325243340531266e-01
6.068396043585138067e-01
8.603617137220531674e-02
1.920061534496753097e-02
6.576860870745715459e-02
-1.135139585011645469e+00
-1.276627169297448461e-01
-4.271715529796620281e-01
-1.154880445949793000e-01
8.950345817290239481e-02
-3.482631461024778829e-01
-7.141372191983359485e-01
4.152933985141160633e-03
-3.090685889890991689e-01
-2.179614874070425756e-01
-5.411017706090066604e-01
-1.055355998685575614e+00
-2.126566559105663501e+00
-1.216655588978969860e+00
-3.438804931977772483e-01
7.104497388214081610e-02
-7.858789053942816238e-02
2.908334539873038693e-01
3.843296426309428249e-01
2.845555562615689205e-01
4.755759149737635028e-01
5.518007216685427707e-01
7.935154190434183796e-01
9.785888774026307857e-01
-4.059742223846272147e-01
-1.696118437346340491e+00
-7.853448807393206277e-01
5.238981222696295070e-01
2.313358814690902321e-01
1.011922699212655985e+00
6.307415014635058270e-01
3.406683530021048512e-02
-1.109963408858232192e-01
-9.589273133261555504e-01
-1.866702635500724350e+00
-1.782660775426738065e+00
-1.177646648036663857e+00
-7.179395312719765165e-01
-4.925889558644378496e-01
-1.954566178723036174e-01
-2.043310719817696963e-01
3.436426647745571827e-02
4.182350012507676240e-01
4.499327884719201975e-01
-5.599106864653116133e-01
-1.524249395099513738e+00
-1.655533412791877712e+00
-1.400427313422190734e+00
-8.809909306186298750e-01
-2.762081119926316219e-01
-7.116948733473871247e-01
-1.534416880073607992e-01
4.350244767744491092e-01
6.995921406193845726e-01
1.061394744298924664e-01
5.194778610180916800e-01
-8.242319875881833902e-01
-1.261401856880404182e-01
4.323517990039618120e-01
4.546791026633973942e-01
-4.665602231228271890e-01
3.822808588558324061e-02
2.531200643446371856e-01
3.878022108882506203e-01
1.160480936328624146e+00
4.896699785041351838e-01
2.645409313966995413e-01
1.273566134920291582e+00
1.378266889217120372e+00
6.630053920451208782e-01
5.806662864731699791e-01
-1.271191515578995457e-01
7.012422565858722479e-01
-2.915710068510235509e-01
1.826765749341454637e-01
1.111350266205279880e-01
-1.999017271233372028e-01
-5.041461383206953251e-01
7.977484991921279800e-02
-5.772041657489310751e-01
-6.275492031423066663e-01
-8.752604712442548784e-01
-3.204256689760445198e-01
-7.229217586029683673e-01
-6.000555159406317784e-01
-7.924432891752308805e-01
-4.284195808616710899e-01
-8.211525944862763104e-01
-3.120182899040795377e-01
2.629134392755094751e-02
3.564209893327330292e-02
-1.282152083914803509e+00
-2.375759150640956996e-01
-5.927255266894340124e-01
4.608867015964124292e-01
7.228203240598731760e-01
7.943304891428581982e-03
3.742360796759793828e-01
2.659710583932768380e-01
8.257669835195984298e-01
8.718350813980917380e-01
9.677521794684706968e-01
5.023120548636574867e-01
7.855580004114370851e-01
6.862476287272656350e-05
-6.782912326986574314e-01
-1.446504111901784295e+00
-2.089973119065626328e+00
-1.396626562999492283e+00
-2.060097478154827577e+00
-1.534783301108797460e-01
-2.019496969721599200e+00
-1.591553959759318904e+00
-5.367556929420627121e-01
-4.921428338927977819e-01
-1.478892841978716177e-01
2.134209583168598101e-01
1.270468114659291103e-01
4.791611563887596681e-01
5.364330553461189588e-01
4.847631305026185444e-01
3.425831920791049257e-01
-3.320431076569851925e-02
2.544564450186213023e-01
5.696310905686754467e-01
8.843628312624316479e-01
1.605404836784630973e+00
1.216139509337654800e-02
-1.905338144108786436e+00
-5.032238211364434832e-01
-3.019639183409328353e-02
-2.252392665340724687e+00
-3.452046508246624512e-01
2.124358780159631976e-01
3.087895600879377866e-01
2.913339069801752501e-01
-2.583294389315482498e-01
-2.846827218862131303e-01
-6.368340428418051147e-02
4.153786642909009785e-01
4.658384377544582122e-01
3.320076773983680063e-01
1.876400080360749456e-01
6.778656065288224397e-02
8.172088020325154467e-01
9.317542269231853247e-01
4.932979691821515189e-01
9.408003330980716505e-01
1.030851680280171490e+00
6.892241717402467494e-01
5.858159926801507211e-01
3.888884804894172653e-01
2.890118364504514759e-01
3.736463518114763183e-01
4.475809459452566585e-01
7.042129460131882901e-01
-5.216230759297979525e-01
-5.434283806291104746e-01
3.324366106248888286e-02
-7.575295051140371605e-01
-3.411138069440973197e-01
1.099192600025167721e+00
9.926369903874672218e-01
-5.100043851671109962e-01
1.677975422403776840e-01
5.573077082460820009e-01
4.076291166287497880e-01
8.723712654114246234e-01
7.542652265807974210e-01
4.452553445328302217e-01
-3.291752873027542492e-02
1.089271640661813478e+00
2.481842005452754130e+00
5.289403862669943557e-01
8.059055632962741633e-01
8.826704752844465318e-01
8.970110240090551912e-01
1.004282822549281029e+00
7.977553281361577930e-01
9.851397363448910482e-01
8.866945449077654473e-01
3.046595762119532758e-01
-2.793219902181718339e-01
2.434249416714999725e-01
6.684408044745211441e-01
7.603897770421372826e-01
7.760826095899844290e-01
9.891147461704674626e-02
7.524922983108242036e-01
1.225270858574854849e+00
6.153112052750513428e-01
8.064117552083596152e-01
8.808745953264462969e-01
3.548363060870629582e-01
6.604955865545516502e-01
5.444632912147131520e-01
7.723601076978088287e-01
-3.879639342347993569e-01
1.304855971735303655e-01
8.120232018124413642e-01
7.479544182328798918e-01
5.004918038301910954e-01
-5.527919747156584407e-02
-7.728004686910945331e-01
-1.777610918256904426e-01
1.765357002906755568e-01
8.154146805331485837e-01
-2.434513333098111687e-01
2.636563912811862309e-02
-2.455935020877975106e-02
-4.795201406690203783e-01
-1.392785443987783145e+00
-1.430102977623728178e+00
-4.284901394998215096e-01
-7.961734304197110035e-02
4.998892199695275096e-01
1.089944430106002393e-01
-5.241669884227073695e-01
-4.502524930429019356e-01
7.358585985475230018e-02
-1.243616149926833891e-01
-1.497337817206072064e+00
-4.114385343650091009e-01
1.695012978526047043e-01
6.830397672156562905e-02
-1.160004820679340742e+00
-1.244950019737867342e+00
-1.183250742998946281e+00
-1.102286136053769905e+00
-5.366655301379834597e-01
-1.062253281505848745e+00
-1.788693104513864318e+00
-1.943920569979289414e+00
-1.961200910179068835e+00
-1.647726463499820770e+00
-8.149687271679411094e-01
-4.509761516734700493e-01
-3.365930615708823126e-02
-3.321992408564833354e-01
-3.976483263499841492e-01
-1.207394571048082010e+00
-6.764317877964989290e-01
-3.264621784601740018e-03
-8.430239091348719072e-01
-6.858784494703205059e-01
-5.001718979858638114e-01
-8.073701979752812008e-02
5.021838883762614891e-01
-9.422657744703855087e-03
-6.605405783207358716e-01
-3.577382485547198065e-01
7.648117084893346629e-02
5.335134454097549828e-01
4.656342475140675674e-01
5.466351214300062544e-01
6.164787490370633449e-01
6.278565427663740373e-01
5.990238896166286686e-01
2.205162801761013647e-01
6.629454032773915984e-01
5.702605410556276233e-01
3.212986770291301752e-01
-9.262376885186767161e-01
-1.624424820157734484e+00
-1.330547332188398046e+00
-1.364298795157036004e+00
-1.666348401171989346e+00
-1.205465697782896806e+00
-2.390671261673373849e-01
-9.756579456990119859e-01
-6.962697425904420534e-01
-6.643640960549763719e-01
-5.676963755100006281e-01
-2.062055463164631508e+00
-1.217296127772141023e+00
-6.399985342428928803e-01
-1.600390118624188673e-01
-2.872737681788986031e-01
-1.352943199502598670e+00
-1.492864822266936287e+00
-1.166768534555646442e+00
-1.597135270650101635e+00
-1.597379063429036350e+00
-9.578629833226703916e-01
-1.595016620899270432e+00
-2.003471528477175134e+00
-1.247250269837267389e+00
2.014059539313013403e-01
2.888448101304774696e-01
-3.470328291706570312e-02
-2.130877794184455887e-01
2.598516184364925152e-01
-1.481455073162498692e-01
-5.810947126301613253e-02
4.757947761597898229e-01
5.630504468437980137e-01
6.005264852589777824e-01
7.229662747943246259e-01
5.267147956498079431e-01
8.148010194185433264e-01
5.302980987333389962e-01
4.476863995424005260e-01
5.102142921177130752e-01
-1.080769551595017752e-01
-1.630948788006938655e+00
-1.069157317302869892e+00
-6.348286847622715001e-01
-2.710303303455012802e-01
-2.466713706175571730e-01
-1.457112377289031091e+00
-1.098563804287113310e+00
2.175872572452655085e-01
-4.679883476816018018e-01
4.412672551306018320e-01
6.628767473883616645e-01
-4.914915417918312990e-01
5.608190018846257452e-01
5.582971777181260364e-01
9.743044890259140445e-01
1.237556140566725027e+00
8.864811007752511074e-01
8.202215228265377078e-01
6.729638888548103992e-01
7.302923612761564875e-01
4.167391867974914454e-01
-3.074095405295187433e-01
-1.638296408018272032e+00
-1.069394453048564397e+00
6.164162823522900680e-02
6.465246939029913875e-01
-1.255427142923688288e+00
-1.048515308258791690e+00
-6.379030703905401722e-01
1.969974106664595936e-02
2.671262425039220290e-01
2.059241743420940907e-01
-1.329704931727556882e+00
-2.120741907088467215e+00
-5.637847270127216426e-01
-1.622847005795061692e+00
-1.164102550273885317e+00
-1.649357047531014864e+00
-2.236450168480334177e+00
-1.013536375087123131e+00
-5.675434428211501015e-01
-1.002951467072923597e+00
-4.826739332599983001e-02
5.139363622144901278e-01
4.968978804144623673e-01
-2.863807175126042992e-02
4.706977707638473341e-01
4.689779191603733466e-01
-1.183576282140139657e+00
-3.507448970859323722e-01
-1.440417440186370079e-01
-1.818783608449665579e-01
-7.577292027929585227e-01
-1.628715451322678032e+00
-2.232109092611261225e+00
-1.834650783563502641e+00
-1.422697577279889547e+00
-8.976942085301742313e-01
-4.350536447083519498e-01
-5.670294910219340068e-01
-1.750054141929136664e+00
-1.291592263787741501e+00
-3.469215740607989318e-01
-8.115802614841793883e-02
1.468798856977029388e-01
5.554898298839456849e-01
-1.533408545883738761e-01
-9.213060538537751754e-01
-1.084730094668588052e+00
1.981034772334409055e-01
6.411343220923182429e-01
2.265006592262706064e-01
4.844860511979969253e-01
1.730795678402392568e-01
3.842119823222942543e-01
6.973058459679748466e-02
7.060212204913796086e-02
-1.450550101739778164e-01
-3.562970132911327248e-01
-1.218165122599603967e+00
-1.583579054817625842e+00
-2.137893229493367464e+00
-1.821114496100626923e+00
-1.034081110837394402e+00
-9.606674483656174601e-01
-1.715750413060225688e+00
-1.846503378448388855e+00
-8.234479280012081404e-01
-1.460845339696522416e+00
-1.995098351545534499e+00
-1.408520509690477152e+00
-1.605066328752601468e+00
-1.768174262295806987e+00
-2.771621616808452870e-01
-7.364998857358351358e-01
-6.941205032369373029e-01
-4.039419271095034958e-01
-1.068013844728166628e+00
1.222893348755045295e-01
-7.806375281152622136e-02
4.423052857235605373e-01
8.607939988065620440e-01
8.330243799369854152e-01
7.806889442010245261e-02
-5.033391134674793932e-01
-1.119620515488616519e+00
-4.833119997561063919e-01
-1.581815612634933643e-01
2.257584586565206664e-01
-7.987569626877188966e-04
-2.887208730591814820e-01
-1.139844026861183579e+00
-2.236332749418672883e+00
-1.351013172819596875e+00
-1.346150689182443738e+00
-1.292906370455444431e+00
-9.544448579970934432e-01
-1.492435575563088923e+00
-2.152043805084370209e+00
-2.682742774252805162e+00
-1.572572281811039918e+00
-1.057765968436085391e+00
-8.271164889342030868e-01
-1.829306219900739716e+00
-1.337331724875137295e+00
-1.958197317817370831e+00
-1.853550487782436473e+00
-1.986699473200348232e+00
-1.165430549733070364e+00
-1.207962200829117982e+00
-1.661893545944735484e+00
-1.680955984023525307e+00
-1.993669763135904160e+00
-8.207078816890438500e-01
-1.830973417779322432e-01
3.667242305501243749e-01
2.532674521654070254e-01
2.474505501618118330e-01
1.406381759759147698e-01
3.890901844888459138e-01
-5.751302068356300978e-02
1.399886015893376801e-01
-8.364509929529582166e-01
-2.275286051813226962e+00
-1.772883109757046327e+00
-8.563529056158174502e-01
-1.277192239689632025e+00
-9.232478509338259975e-01
-9.256827613586851022e-01
-4.172495108007669984e-01
-1.148933787156241060e+00
-9.493380114305658424e-01
-1.108670042814037693e+00
-1.828747644269329564e+00
-2.173922769683579226e+00
-2.178159333356991745e+00
-1.786466815381986040e+00
-8.215401564513711286e-01
-5.253197032768497365e-01
-1.288151411165383564e-02
-8.886458906394967272e-02
-6.247705628992994420e-02
1.242378805153014909e-01
-5.229075656619048829e-01
-9.375719599856102704e-02
-9.813786858431061688e-02
4.153403935365034272e-01
7.708049379573012061e-02
4.881852544569733610e-01
-2.086877151718735668e-01
3.311315698641745797e-01
3.652675019989861660e-01
-2.373285458142611049e-01
7.081827500610593518e-02
1.862011302055308626e-01
3.022528638259718292e-01
-6.497176457587796605e-01
-3.652515057973189094e-01
1.015884488893554760e-01
2.048464727585272982e-01
4.055014713685554106e-01
4.010260831190755049e-01
-7.972143798229991418e-02
-4.458996390028473478e-01
-7.535249905968877115e-01
-4.942792969273845927e-01
-2.747190166542936574e-01
-2.760749869008329860e-01
2.046684622968237832e-01
2.994163508630807158e-01
-3.197047286739467253e-01
-4.179048010382055978e-01
-1.747693461115542579e+00
-1.371575118416084038e-01
-4.285128629468775152e-01
2.417028030064987121e-01
1.198042012399422873e-01
-2.033717428897130475e-03
-6.603868746294718761e-01
-8.610876160398919232e-01
-1.014301364472825817e+00
-3.560258444482529150e-01
-5.457139758389715212e-01
-3.233600150444302379e-01
5.879359416755569612e-02
2.490727359964393095e-01
2.161866650942783075e-01
5.233355280044671431e-02
1.679710380313088613e-01
-5.467630993923933147e-02
-5.659105332821257051e-02
-2.158730702098696774e-01
6.754513898155956042e-02
-2.124520905541338323e-02
1.382435583004641977e-01
-9.178489245138976571e-02
-4.043372186555873604e-01
3.392848955213301210e-02
2.583408825361717120e-01
-1.307685388367119117e-02
-1.383428055664470691e-02
-2.228640524203537865e-01
2.558451697374568568e-01
-3.645157643068417386e-01
-1.582549169969507119e-01
1.473768723204083031e-01
-7.664644907436501953e-02
-7.909992740936688804e-01
-5.090742552658094056e-01
-4.162382895470271293e-01
-1.202268522738179080e-01
-1.285658491312364760e-01
6.328011410358147515e-02
-2.111023519143642169e-01
-2.419384957314330009e-01
-2.492829427164133804e-01
-5.267025363458803788e-01
-7.164857294369006979e-01
-5.372484520704832178e-01
-1.255043262929251613e+00
-2.233489001570818644e-01
4.466158540628732965e-01
5.456555712461703678e-01
-2.213387502785049143e-01
-7.296101680922446597e-01
-1.352050099701841646e+00
-5.373704531808316531e-01
-3.109625610376447469e-01
-2.518821643531796717e-01
-3.324215382566526600e-01
-7.912636363086411606e-02
-5.150188729103981622e-01
-1.531287666176506690e+00
-1.711767226895066552e+00
-5.755843999514613785e-01
7.450502997610319866e-02
-1.274230702779663993e-01
3.273310619149767398e-01
-3.831472355565379573e-02
-2.993268449838129008e-01
-3.692364002497852127e-01
-1.635697831329228080e-01
-6.640403604885447564e-02
-5.001430472561807505e-02
-6.641349266783238559e-01
-1.195425103798033906e+00
-4.021733889551439844e-01
-5.406938752240391111e-01
-2.000183111770810207e-01
-2.100239739419444973e-01
-5.163832691047689494e-01
-2.365637068104362584e-01
-2.305536140517534527e-01
-1.716482144418070677e+00
-2.048425926306711720e+00
-1.561076261583391744e+00
-1.612977605587979646e-01
-6.505621516858450804e-02
-3.812254524053111382e-01
2.271543387373453626e-01
3.550743168186243359e-01
4.103825988004405900e-01
-2.972560280554148449e-03
-4.427052708001841808e-01
-6.505019745045887980e-01
-3.652531190126633298e-01
-8.919214686469083553e-01
-1.821075321057382457e+00
-1.535562047767029092e+00
-1.257007765614772010e+00
-1.183415682510776890e+00
-1.360827460040931136e+00
-2.052118029541047495e+00
-1.457633127254451155e+00
-1.532942180699515822e+00
-2.241535801467793743e+00
-1.213938825473734440e+00
-5.229519694289170850e-01
1.891551516296177127e-01
9.525122181092005036e-02
3.114252652952282929e-01
1.419570061749046985e-01
-8.589138269794460712e-03
-7.805911124255002775e-01
-7.151367736651266238e-01
-1.906635886356822240e-01
-2.161439398841391579e-01
-5.686433588404242734e-01
-1.627543320556935846e+00
-1.159600438031307412e+00
-1.654197722071630849e-01
1.133061764733174215e-01
5.874192988572444207e-01
4.460820358738284419e-01
1.801641274990704034e-01
4.573153695940934682e-01
6.956687561096819294e-01
8.889176932024507316e-01
6.722153495211542484e-01
2.974451824179853432e-01
5.289345651244921065e-01
6.667349414574648137e-01
7.313699091854708456e-01
-8.378847643061959616e-03
2.963007285843413108e-01
3.039100134169219203e-01
3.966238823487673315e-01
3.565788459142353872e-01
1.863890282322642200e-01
7.727581636330871362e-02
4.064434755941555011e-01
3.163151094780740635e-01
1.402829843874124904e-01
5.917402710835304447e-01
-1.248673942537958936e-01
1.557221797943642017e-01
8.442065239660312415e-02
-6.116352450849449340e-02
2.858745825647104333e-01
6.069824639595093885e-01
5.289331588867423051e-01
-1.098742014220466245e-02
-3.728614368661098410e-01
-1.770163781342759535e-01
-7.398433050778805420e-01
-1.640686239052311812e+00
-2.355733022179745895e+00
-1.226619977940250461e+00
-1.223157498440933022e+00
-2.077971451778133805e+00
-2.518892632825450395e+00
-1.191520600342577119e+00
-1.585241706940805351e-01
-3.496656112899145796e-01
-7.566351531154458243e-02
1.098323229500204334e-01
5.054639315054032522e-02
7.680107284532766698e-02
-8.954367602965391804e-01
-8.269109166454493565e-01
-4.279301886428763524e-01
-3.136183581866380798e-01
-2.488770412804219845e-01
-2.239854134969769817e-01
-9.373682747413352168e-01
-3.404368220494267128e-01
-1.234871008568081407e-01
-7.742096586015465576e-01
-1.743561315446996218e+00
-9.156719954979615217e-01
3.514101990940257103e-01
1.448246539449171699e-01
1.304257828323938107e-01
4.873151938139672623e-01
8.158405314764483052e-01
-9.188333346953836411e-02
-1.254906292879605978e+00
-6.526343444192290733e-01
-1.747769200542053092e-01
-1.128282351384144677e+00
-4.090763379277415623e-01
-3.621210553439979662e-02
-1.895948350677962857e-01
2.052917068479165330e-01
1.494011000709130066e-01
1.090774590236200936e-01
2.547692092509517003e-01
2.436003606489998141e-01
1.741186416121340841e-01
-9.342610653258809350e-02
2.728582189116970369e-01
-1.705618435010580747e-01
-7.481172820661541323e-02
-1.810961953259182522e-01
6.820462067568211495e-02
-4.765737680534343212e-03
-1.214337595555196714e+00
-1.921554568638677019e+00
-2.201274041132947445e+00
-9.656320981905037737e-01
-1.503833386935893524e+00
-3.166215737184479018e-01
-3.099277628720509270e-01
2.366340132809687802e-01
-4.647199093740272957e-02
1.896524199232252350e-01
-2.038526020839270814e-01
-9.054974251572200927e-02
-1.522208316760758073e-01
-1.157021285899562102e-02
-9.005041301466261139e-01
-5.065590093353931067e-01
-6.254506081526374217e-01
-1.165236439145471925e+00
-2.191753907373150234e+00
-1.201343160886144013e+00
-4.455368336306380073e-01
-8.765039506649952017e-01
-7.087529725505339329e-01
-1.889615767815655989e+00
-2.034122423978920402e+00
-1.500588009634536091e+00
-3.875898653009315353e-01
-4.448611318376558543e-01
-1.034187815669000976e-01
-4.535550570162407702e-01
-4.192406764585743240e-01
-3.910475118764185076e-01
-2.475441699510820825e-01
3.996493551282220835e-02
2.136350469673891084e-01
-1.260451090604571833e+00
-6.419466024400124482e-01
-1.601606655028886550e-02
7.728063396539752716e-03
1.757601306118652396e-01
-3.680545577166784987e-01
-5.976972204608954620e-01
-7.196505563093842373e-01
-8.990104454475014162e-01
-6.405548706630403988e-01
-3.688916115762492787e-01
-3.250364031934926956e-01
-6.748976874892158584e-01
-1.103315637888151457e-01
-2.765302700641005806e-01
3.572534226066377272e-01
7.201786080857099925e-01
5.887354635562687122e-01
7.739785109740808799e-01
5.416402131820836630e-01
8.053795760192041797e-01
5.243404650643377352e-01
-6.225195658666260456e-02
-1.845929978224782886e-01
-1.201962384859802668e-01
-7.480147004498209906e-01
-5.448186232182372635e-02
-1.878067406823493712e-01
-1.439280449869428935e-02
4.389821470370147694e-01
2.900975359948896326e-01
-1.195815054751276030e+00
-1.883457564936677375e+00
-2.154952491424122485e-02
-1.217368960720129234e+00
-1.371707810567748931e+00
-6.452514012718149061e-01
-1.135704705204723108e+00
-8.729514477443971465e-01
-3.812464582042531802e-01
-2.827907812369598872e-01
-4.613475122982633181e-01
-9.014052231431803897e-01
-1.141842056037178477e+00
-6.086562049278603226e-01
-1.499267415827818972e+00
-2.143244654685374062e+00
-1.641932331324087002e+00
-3.647489681325777333e-01
8.245137914143985114e-02
-1.208045451733230635e-01
6.931337363463452306e-02
2.372897745872402098e-01
4.237836609318952341e-01
3.120869497291698380e-01
-1.591467325561071178e-01
-1.299905859821909093e+00
-2.696238753304815994e-01
3.011583798620298680e-02
-4.140975647651323754e-02
-2.294512338432586063e-01
-1.052437350081604439e+00
-4.602929519781753243e-01
-3.985973845695642837e-01
1.567775527685086878e-01
3.582997150127686936e-01
-7.121176591606825923e-04
4.211379505832182346e-01
1.954980336102662974e-01
2.738729897781455591e-01
-2.461663735862815727e-01
-6.680882671104328985e-01
-3.930213189137372609e-01
-5.700295403468027544e-01
1.113146651373888574e-01
4.981046201961802922e-02
4.870065572751984817e-01
-8.665090599670488558e-02
4.197042603018070750e-01
6.999540145202924890e-01
8.792781520308361465e-01
6.989055517450291077e-01
7.761342599950422638e-01
1.129276173352355972e+00
-4.552956925521902676e-01
6.116348112876881515e-01
4.551011250698278054e-01
6.780792731184162037e-01
3.175532253293993357e-01
-6.030288843644626695e-02
3.655264180646295991e-01
1.498817035834676403e-02
-1.635944802403770382e-01
-4.718062614733553595e-01
-2.210029291292725517e-01
-2.219891949393594466e+00
-1.584331798805278968e+00
-3.485753089689023199e-01
-3.906815261715119725e-01
6.021724599331257366e-02
2.120016574272773902e-01
4.840836396989853796e-01
-6.279033456928910795e-01
-2.159348687683476875e+00
-1.175537682262398187e+00
-1.585141529507056779e+00
-1.677958120516582330e+00
-6.478390002112213164e-01
2.144988800747267277e-01
5.554679708848295761e-01
4.517735291275331022e-01
2.923953792733011703e-01
-4.614834072206570603e-01
-5.831135301468837184e-03
3.331294914899896042e-01
2.468476504031786867e-01
3.170889339388680561e-01
5.380934859678685456e-01
7.236406308613467786e-01
3.780900173676498000e-01
-2.371225010766613295e-01
2.660267335073918105e-02
-7.410796777811174962e-01
2.529032600370495487e-02
3.685949903297753849e-01
1.784802629940651642e-02
-8.664640998206301070e-01
3.003538772285465619e-01
5.029492617942761257e-01
2.559657685093865709e-01
-6.685078989908181946e-01
-1.163108032411990900e+00
4.340795429371979708e-01
8.922941510748527705e-01
-1.113682480915794137e-01
-6.640973634005105097e-01
1.933881110836628281e-01
6.615748195235742202e-01
6.401452323712319981e-01
5.228470102898947758e-01
-4.302561208280337723e-01
-2.342831330563330816e-01
-1.706329566401310061e-01
-7.737101135948565300e-02
-1.653560858153277913e+00
-3.434399288587171029e-01
-2.781326016163787607e-01
2.980155999809839251e-01
-5.556748612789341735e-02
-5.516129813982768582e-01
-1.251180907949456467e+00
-3.191099117373634719e-01
5.121947231327497185e-01
5.854360394643531862e-01
5.962178183736797088e-01
8.279097455228292546e-01
1.461841050725372959e+00
-2.130518466266200228e-01
2.232506665915248156e-01
-4.795556460997212334e-01
3.103374867110209046e-01
-3.215532476201050649e-01
1.014360928335259704e+00
7.117635454233890435e-01
-6.555105183492688781e-01
2.735128832589328596e-02
1.990884170352815730e-01
2.444244877116164005e-02
3.121214613951202033e-01
-3.447596536390360455e-01
9.512865352049892920e-01
1.238519371469471775e+00
-1.297295213738527409e-01
-7.819219526251484087e-01
-8.944603870833094383e-01
-1.277885558218498918e+00
-8.326320828195177270e-01
-7.093565513897239772e-01
-1.917303460108503721e-01
-4.109205787199332605e-02
2.076334935804293735e-01
1.622761472756861778e-01
1.564038650490515714e-01
-5.176917315165425748e-01
2.766138745746964389e-01
9.570719175554565084e-02
-2.484363105204527855e-01
2.457013234305254201e-01
-9.862010955336142359e-02
5.753730456292176498e-01
1.001489753555429019e-02
4.272568173539332825e-01
-5.249290350206869959e-01
-6.931087264662574299e-01
-1.684592295351450275e-02
-1.695262519365847709e-02
1.149218072028546089e-01
-3.550175637657413397e-01
-6.083510241531069340e-01
-3.255893089464141354e-01
1.599656563241502738e-01
4.447223238887478836e-01
8.166144566895416901e-01
5.372285329985557745e-01
2.219794095548199842e-01
6.423817880533029268e-01
7.075164594160181508e-01
1.184616206849677500e+00
9.647063914367595139e-01
7.691532166901362544e-01
-8.158538092774689776e-01
-1.154683659344541979e-01
-4.946732605045287556e-01
-2.037840159286989916e-01
3.176633894224751842e-01
5.476803084357202422e-01
-2.686765387122242998e-01
-8.570188497336159728e-01
-1.456606029777617994e+00
-8.814488148282206836e-01
-6.020232048028040239e-02
-2.690643393133136385e-01
1.026315608911732014e-02
1.854317464972337071e-01
-3.114936736142315254e-01
-3.472340733617027553e-01
-1.441115536490613636e-01
2.433376153948163534e-02
2.609620082519761297e-01
5.223636492208880711e-01
2.760524068056060543e-01
1.094297994504734639e+00
1.156634477922108495e+00
1.088616770168415737e+00
1.046753179256015187e+00
-2.910071429951353039e-01
-4.860151612185621417e-01
-3.423694361733784497e-01
-6.332782632903954934e-02
-4.394140523248868391e-01
1.983188235291271084e-01
6.781721493603471984e-01
1.079116286135241687e+00
1.119728545849327794e+00
1.214426825772350504e+00
1.176506191215806574e+00
4.697453663080706221e-01
8.864310203380298958e-01
8.012753724571615166e-01
5.956995000039646548e-01
4.291543897606908686e-01
5.257555356870753371e-01
2.788773257699466157e-01
4.356138587097513337e-01
4.665982704903020029e-01
-1.664261061093652572e-01
-2.053177113529098818e-01
6.844271527367240537e-02
-3.940330217823149184e-01
-4.916683805153274633e-01
-4.435125966868920244e-01
-1.997836148579912319e-01
-8.405057804499938001e-01
-3.633122661351597671e-01
-4.493373146882184699e-02
1.798024221542897649e-01
2.901121239267201446e-02
-3.064417510524664046e-01
-1.106001608994300334e-01
-5.429441789910915972e-02
-5.191026917502021831e-01
-1.152615142481330235e+00
-1.425855534953921033e+00
-1.096439147149890214e+00
-7.202075855811649330e-01
-2.215592596080999677e-01
-3.592335728696141040e-01
-3.563104957671687778e-01
-5.892184823975465946e-01
-7.010663775968621891e-01
-4.369998667351095989e-01
-2.095328928769610854e-01
-9.656084305374257326e-02
2.827366814157996622e-01
-1.271208206416432063e-01
-9.164119907315626534e-02
-2.564576918941718908e-01
-4.931691953576340381e-01
-2.623930655207411533e-01
-5.684032008087140930e-01
3.295615743620765592e-01
4.507703620111254139e-01
4.731360372389028512e-01
4.913951086997023765e-01
5.258146752364023513e-01
1.021250032742999636e-01
5.231248393363485683e-01
3.879998557297854589e-01
5.870841898397971548e-01
7.565020461035678601e-01
4.671512680657792238e-01
4.308318884536670446e-01
4.078518687598258197e-01
2.460802954979017798e-01
-3.872805820629960927e-01
-3.747271956376687640e-01
-9.329695444298913287e-02
-3.781716935744303676e-01
-1.587363334743652210e-01
-7.903313142980117334e-02
-1.309002172281992227e+00
-1.633489939072803931e+00
-1.668751565953673133e+00
-1.876329314551274718e+00
-1.731071557885105916e+00
-1.956362457836982482e+00
-1.493743701811748537e+00
-5.792505250546673423e-01
1.089058288683397713e-01
1.934514470876527170e-01
3.740155097619362046e-01
2.677509973931586629e-01
3.506851504192680657e-01
5.519000397010542791e-01
6.640031559216295065e-01
5.936864129223273778e-01
2.145935987194436123e-01
2.765485043018856004e-01
-1.918528923203144387e-02
3.759929879116872264e-01
-1.390973900005580965e-01
-7.853808373468407211e-02
3.784868013483957405e-01
1.994683583531902116e-01
7.202744623880308339e-02
-5.445398630893358849e-01
-3.711899418690407515e-01
-1.671116667185628124e-01
3.234008633300726743e-01
3.377388448538392041e-01
5.040915049619161259e-01
4.981127706468799765e-01
4.115766377030714018e-01
3.784176308808557820e-01
5.201183338147870039e-01
4.437232222671241288e-01
4.327363672313300214e-02
-4.050905827071433762e-01
-2.552187038429076793e-01
-5.432775693666269667e-01
-4.837614124738580657e-01
-7.668200388713624083e-01
-4.203480986074885628e-01
-7.939810414195336286e-01
-6.943132220011185574e-01
-7.814189509380811138e-01
-9.443028902926355883e-01
-7.223890815757840755e-01
-1.697317128955321053e+00
-1.779767399709962117e+00
-1.699910750115373181e+00
-1.898309557480621912e+00
-1.782814376038922344e+00
-1.754214696751647651e+00
-2.234142982846406333e+00
-2.319226160148818217e+00
-2.279290847929130059e+00
-2.484744284154372096e+00
-1.879864113529366332e+00
-1.079132311192552818e+00
-2.545616154467489345e-01
-1.578998898126000139e+00
-9.610574008446415295e-01
-1.484588046827318486e+00
-1.899814856484295822e+00
-1.034720493414896580e+00
-1.989675612535227289e+00
-1.691784872650592852e+00
-8.693624345825514688e-01
-3.265898103024942323e-01
-4.841642836240511727e-01
-9.302902177511147563e-01
-6.635189217434704911e-01
-1.424905490485118609e+00
-1.375516785140640241e+00
-1.288788029329015483e+00
-9.922254156613483644e-01
-9.234322692535235078e-01
-7.602967573338423879e-01
-4.738061006409575171e-01
-4.278763735164732296e-01
-6.430256776782568018e-01
-2.675209486921374946e-01
3.289500629902919471e-02
2.619562827198267385e-01
-9.579801985869096370e-02
-2.530208125053792223e-01
-4.931462271953952481e-01
-6.359411367948402116e-01
-2.640584024449568190e-01
-3.889093043823299567e-01
-1.619171950911482805e+00
-2.104773200490880569e+00
-1.402204907238972176e+00
-6.554173644411780408e-01
-7.745076186162294096e-01
-7.232158034405615776e-01
-1.290587938558540593e-01
-1.145290754689503032e-01
-1.930170034608957863e-01
8.172557607461250484e-02
4.078612599744202427e-02
-9.289364113857607741e-01
-1.859621730250378135e+00
-8.082339351899725521e-01
-2.235814793308752435e-01
-1.263966355660189000e+00
-1.308285993356758103e+00
-1.553955875155771160e+00
-2.159141610216618545e+00
-2.129693230651978020e+00
-1.640338289693056062e+00
-1.527186563723790691e+00
-1.268073791559674479e+00
-1.177907270157228403e+00
-8.749840549371596943e-01
-6.200141758397808012e-01
-2.397962227447809624e-01
-7.938745082741007764e-01
-8.157748024899884598e-01
-1.433317945325554676e+00
-1.184144566623396067e+00
-1.417921268361233000e+00
-5.233110852760982645e-01
-5.373912881741316205e-01
-7.190989802444582857e-01
-4.595135211429388633e-01
-1.413059951039131956e+00
-6.929413180483048329e-01
-1.612880943989929428e-01
-9.809488603071072621e-01
-1.379051820300794651e+00
-1.015124788408839684e+00
-6.485517952475539083e-01
-8.750787157885553391e-01
-1.525896625841103083e+00
-1.233068100142796109e+00
-8.051608063573343355e-01
-8.484202644992284714e-01
-9.704175424524972282e-01
-6.692833011393179987e-01
-1.884197395438139022e+00
-2.158690813195487834e+00
-2.442769674636864785e+00
-1.425306436956334633e+00
-6.910221422599440722e-01
-2.944332082070912904e-01
1.145382769608422890e-01
-3.841191598977236055e-01
-1.390610767518492885e+00
-2.266430905267572626e+00
-2.496197733334178270e+00
-2.876943674356469138e+00
-2.024039090094275739e+00
-1.783433809221353084e+00
-1.672822504058963489e+00
-1.629854508970897120e+00
-1.395331837083477744e+00
-1.872282312770115142e+00
-1.510858428565071021e+00
-1.696831687868999516e+00
-1.613453655585529445e+00
-7.692873831412156971e-01
-3.076110322983449663e-01
-3.612186881912169412e-01
-7.114425361555274385e-01
-4.245731718263563437e-01
-1.222629799749414881e+00
-8.570286764619146069e-01
-5.758096820521005910e-01
-1.106406157411237379e+00
-1.572229538675696814e+00
-1.961404915143696970e+00
-2.345363250018825063e+00
-2.314756581639203947e+00
-2.234439246695925974e+00
-2.001202940705773869e+00
-1.709801228694675101e+00
-1.527244679530016747e+00
-1.131250365119449430e+00
-9.691681106575773530e-01
-1.137872761559457935e+00
-7.920056300816422645e-01
-5.098698174534330718e-01
3.793775695224432809e-02
-1.227829531404557306e+00
-1.341996812787274118e+00
-1.646836993601541010e+00
-1.946623491298763220e+00
-1.093787002776480666e+00
-1.121223966698346342e+00
-1.604203958378769279e+00
-1.460117120470195928e+00
-1.730522781234195007e+00
-2.004341848008986293e+00
-2.020501235027468034e+00
-1.598967383724601676e+00
-1.201172929264773259e+00
-1.348305865945689241e+00
-1.974169874624571497e+00
-1.607850296347106633e+00
-1.085099318207564334e+00
-7.904377360005543363e-01
-1.054522399221518247e+00
-1.053739194809673041e+00
-1.982933147058550283e+00
-9.026509618888649555e-01
-6.152844398831955885e-01
-3.789687494214968311e-01
-4.828299995170493020e-02
-4.830943962020519677e-01
5.951854647768151096e-03
4.450101335300100658e-01
-3.694544087788060871e-01
1.909363960117520520e-01
2.856976847286349930e-01
2.602769196250416250e-01
9.301758764930170287e-01
1.182956169331050411e+00
8.944419910701624232e-01
4.821192923289316923e-01
4.355850257810400805e-01
-9.513495374175349184e-01
-1.884949950767049742e-01
-8.071941819538281937e-01
-1.312803361398096058e-02
-6.840092842844538445e-01
-3.712104026279936519e-01
1.199053519682724556e-02
5.788740838028028080e-01
2.643478196099495747e-01
-2.966059429748550968e-01
-4.594935666812047792e-01
-1.141566024889443698e+00
-6.513393507874007948e-01
6.496454787081518134e-02
-3.436910237982191418e-01
-2.687916124200917523e-02
-4.566470765593679815e-01
-1.385080632895538955e-01
3.897241457905709083e-01
3.878283992283928505e-01
1.976719919602802911e-01
3.701203715122538540e-01
6.240994956491441314e-02
3.567056283506122583e-01
2.988641681778148040e-02
4.151856480775988345e-01
5.359172659738939970e-01
1.499660358387502335e-01
-1.414864197595365303e+00
-1.625643888569669127e+00
-2.158072511060927567e+00
-1.197820150502232561e+00
-1.071449156043109863e+00
-1.232866662442942740e+00
-1.512530604913542298e-01
-1.556983888386271886e-01
-1.567723316267310985e-01
1.436079589164696024e-01
1.785898580807598890e-01
6.521080794394942259e-01
4.964838659176225022e-01
-9.080217809729873579e-02
5.933656278377079651e-01
8.246151804837342780e-02
1.535102442330109618e-01
4.060918880259327679e-01
5.174189197914289551e-01
1.992306407878285945e-01
-1.525117940684421747e-01
1.680999918662302584e-01
-8.483703691525881219e-01
-6.058682022474517481e-01
-1.356049409349830981e-01
-5.054522147617035444e-02
-1.750268429088941424e-01
-3.173118393682385907e-01
-4.146784648226535808e-01
-3.440890362148008030e-01
-3.534711369382601553e-01
7.487325107604636543e-02
-4.099946681034465357e-01
3.311277724100705200e-01
3.491144977628404256e-01
-9.796084820516219871e-01
-2.798744696220163419e-01
-1.543389615311444363e+00
-1.000763857445611471e+00
-2.816908622431180120e-01
-6.151364852021945495e-02
4.290091020189978899e-01
4.698613941139200278e-01
1.190562622017248273e-01
-3.999555193876660475e-01
-2.663688106134198819e-01
4.280121848984426158e-01
4.469831315033130359e-01
3.201570225595018471e-02
-9.325371887399336313e-01
-1.331418045684899631e+00
-2.054144925969203950e+00
-2.314460426242122892e+00
-1.196693436531405696e+00
1.088722021676247209e-01
3.960742668632359909e-01
-1.195435406761897301e+00
-2.330106241658044475e+00
-2.166238693769784618e+00
-1.449875252484604138e+00
-1.108424318286876264e+00
-6.900882844056028809e-01
-7.397226917046970662e-01
-5.221602562411895576e-01
-7.215029673811854671e-01
-3.861704040342317512e-01
-2.372311327244780443e-01
-4.518424873498747552e-01
-2.843401987246942930e-01
-1.555793568446324215e-01
3.713804638236410938e-01
-2.150758399840686508e-01
1.240399685458051238e-01
5.737667508485637669e-01
3.951416455136032013e-01
5.039842309148259147e-01
6.568929247513648484e-01
7.587127240747015833e-01
6.842043931688355229e-01
-2.893678283754370639e-01
-4.431118540611480583e-01
-1.045371552649627667e-01
-1.550899264691554258e+00
-1.947988701239348197e+00
-2.612044991566619956e+00
-3.048043522554235274e+00
-1.758220378586526911e+00
-7.502866137330899132e-01
8.866692631370698408e-02
3.567027646343623459e-02
3.823399002732763563e-01
6.794623059084865524e-01
4.943200576657140743e-01
3.844933273643196259e-01
6.188902680157157832e-01
5.278667203955649256e-01
7.303754396510200309e-01
2.494759983613668020e-01
-1.654030428505386396e-01
-9.341616681891724561e-01
-1.112096655964510017e+00
-1.717638369686294464e+00
-1.736470333461795468e+00
-1.289297581167180962e+00
-1.110788899673834429e+00
-9.710437141326186961e-01
-1.570151703971953472e+00
-1.229592427392829812e+00
-4.290687378734299173e-01
1.354743939728559887e-01
7.387270416446889421e-01
5.979652746899928317e-01
-2.638301215219973628e-02
1.563036337711460888e-01
-4.028089907520038260e-01
-3.796873700413558872e-01
-4.065478755972438130e-01
3.198535099111641244e-01
2.719350390764003755e-01
2.177533865329221996e-01
-1.385064449448023538e-01
-8.739250387911470241e-01
2.751362591866763907e-01
4.855204485184425600e-01
9.801607479716785143e-01
1.356673009583365452e+00
1.497283836320526085e+00
1.200774273793476787e+00
1.302081647214964555e+00
1.070208317297652201e+00
1.523481765807161104e+00
1.379542158509489802e+00
1.492669477234689346e+00
1.410859379419990844e+00
1.669941484426744616e+00
1.447713771017946627e+00
1.516594884601695448e+00
1.604168579237003733e+00
2.263250030196283902e+00
2.644018583372576003e+00
2.185822252945060384e+00
2.582756923207069732e+00
2.382622480785746788e+00
1.669938664830212360e+00
2.061019294317691930e+00
1.623246489140390381e+00
1.266308050301005572e+00
1.566885025998315584e+00
1.339229814764539839e+00
1.615311650198260729e+00
1.585891221203452162e+00
2.285175489563364692e+00
2.544577240284850106e+00
2.931080492943785032e+00
2.994423530591244109e+00
1.719385436854682148e+00
3.339431836828303801e-01
-1.633242470944205049e+00
-2.311060138927552465e+00
-1.749418837621600886e+00
-2.074946125511702988e+00
-4.224461624525810421e-01
9.244382245239801676e-01
6.793701176686761656e-01
3.316977949505095502e-01
7.836027640360123669e-01
8.573092186698900719e-01
9.148158204535352667e-01
8.692262010546634166e-01
6.731084345783391321e-01
3.163266052856834598e-01
5.072953416647552061e-01
3.476520496402510929e-01
7.075577446661140968e-01
1.249322383939555081e-02
-2.027794531184641258e-01
6.790537518234449621e-01
7.336972740780138835e-01
9.066950894054084387e-01
7.101060033956456685e-01
7.278504148785742700e-01
7.248081760909825810e-01
1.332692401362769896e+00
1.308364588220351177e+00
1.758870682417478903e+00
1.503755055310925570e+00
7.707933098265078442e-01
1.067828161676261267e+00
1.926643861379663036e+00
1.587517362359402995e+00
1.174671965479451075e+00
1.009312548931961206e+00
9.839019905533392674e-01
1.331939459320385044e+00
1.217512766580275851e+00
1.417954742289489367e+00
1.781420157830120310e+00
1.391791237405588966e+00
1.535703236276646955e+00
1.698147161977352049e+00
1.852220944030285921e+00
1.103523248498985421e+00
7.439891375177376531e-01
1.395706448855275283e+00
-1.224595225397993481e+00
-1.448505430733121102e+00
-1.034600238349586920e+00
-3.655950542051122909e-01
-5.627790981432108097e-01
1.415209383786257824e-01
6.614542199654698251e-01
1.292264311641453389e-01
1.268038502408333379e+00
1.331136889902852172e+00
1.798603787747824256e+00
2.020971997693852273e+00
2.041653863076733799e+00
1.611756431614272955e+00
7.492642226725392263e-01
9.493128260220649040e-01
-2.184559443716382887e-01
-1.171874282622332508e+00
-2.359026282269089947e+00
-2.099349730343794906e+00
-4.694725095301892637e-01
-1.911416276564183558e+00
-2.186838453351656941e+00
-1.035297783685039441e+00
-8.336843725283364925e-01
-1.636315206720700743e+00
-2.471720569551601798e+00
-1.996366726834680971e+00
-1.391023823928798864e+00
-7.009260293833543543e-01
-3.981010370580984059e-02
3.053297816297906309e-02
-9.865512436969714472e-02
-4.924847852533886794e-01
-7.010100547973723284e-01
-1.922837733520745829e-01
4.520197768452662856e-01
7.634205832598430774e-01
1.143401550510359854e+00
1.019286964785012906e+00
1.118402394210296080e+00
9.357215918689787415e-01
1.052370934068784791e+00
4.181170022024849331e-01
6.737222638127988716e-01
-2.219037910026466776e-01
2.889259831276200785e-01
5.769993035252021230e-01
1.889745437713594711e-01
7.537654118325969321e-01
8.867979175377640466e-01
1.246569708307743163e+00
5.645168342364428327e-01
1.353624290452796863e+00
8.708201304621834282e-01
1.022988752859565142e+00
2.511848110334464756e-01
5.243649728069508242e-01
2.533418198954127121e-01
1.685117376403697520e-01
1.166999721956374358e-01
-1.413166099204755444e+00
-7.921329701020112246e-01
-1.580013561733525584e+00
-2.129490434965642720e+00
-1.147310485492652798e+00
-5.676387680371566269e-01
-3.207203634901656386e-01
-2.246887460023840877e+00
-8.768778032834196878e-01
-1.160420929248121347e+00
-2.197073190293099998e+00
-7.188857060463851312e-01
-2.550019335277959875e-01
-4.378340763501880062e-01
-2.898669151318467030e-01
-1.118399450540510154e+00
-8.864928901983488707e-01
1.838102655366888882e-01
-6.440985838225110616e-01
-1.147959557219388360e+00
-1.806198320392577994e+00
-1.261377098540380270e+00
-1.450267008791425560e+00
-4.285697460835100614e-01
-2.350717113502094335e+00
-1.088910796879857035e+00
-1.457487859621632520e+00
-1.354291180745692547e+00
2.550477114084901409e-01
1.498213530333048382e+00
1.586196701358968397e+00
1.798217848647193584e+00
1.310778751997776492e+00
1.078784187174266496e+00
-1.939737924123683399e-01
-9.559599686186617262e-01
-4.501325474770494495e-01
8.098106252274615002e-01
1.246126665449700965e+00
1.122537577256521146e+00
-8.715554869735484544e-01
-4.574426231493209372e-01
7.269876182663521647e-01
1.182272226340605137e+00
1.428054370378324833e+00
1.296625894041653737e+00
1.438326351369171086e+00
1.573783242248158132e+00
1.283673607292459273e+00
1.835457960859770310e+00
1.465205614791058153e+00
1.408174605513957012e+00
1.390025694941415146e+00
1.041862306465458854e+00
-6.626720874209361956e-01
2.237834906443243455e-01
1.106376959725872133e+00
1.769724031800230968e+00
1.043729016862754211e+00
-3.136742914141432692e-01
-2.318267386867336022e+00
-1.547101080066472845e+00
-5.858920338769051384e-01
-4.319054204946266573e-01
4.771227033802123429e-01
5.418005298341990184e-01
3.546407479101443272e-01
1.798812694641496179e-01
3.136504358015645977e-02
3.149303416935289590e-02
-2.570850141908387343e-02
5.593598839517834875e-01
9.308437031828042940e-01
7.813463615026643438e-01
3.342495513759793369e-01
8.350192131335667511e-01
1.318388013555797045e+00
8.694489961616644891e-01
5.303875763877901051e-01
-5.342470169665807234e-01
-5.052591052055381837e-01
-1.460634908631660345e+00
-1.940577433374245375e+00
-2.306056251072224228e+00
-7.077015121208081183e-01
-1.615528842910843199e+00
-3.197411898810083031e-01
4.632103995728700241e-01
9.268911276271403210e-01
9.954996829679982895e-01
7.633790346891022871e-01
5.005626323625764762e-01
2.348333416731414047e-01
4.744351996298945551e-01
1.014862284461807374e+00
5.240528851193615445e-01
-9.128552164919128131e-01
-5.764266730921230319e-01
2.547551507631395928e-01
-4.157280760586936630e-01
-1.926529611366674999e+00
-7.357155399954282693e-01
-9.066696251501973336e-01
-3.069272324141243402e-01
5.931268084275473917e-01
1.536050375590442663e+00
1.043542755761572405e+00
7.332000370111586562e-01
-4.147805829514528142e-01
-5.542307839242903711e-01
5.244710576492637166e-01
1.380154937911366453e-01
-1.858507963987756639e+00
-3.646297892631791271e-01
-1.538162297865248718e-01
-4.823559233893184306e-01
9.623952591069837581e-01
9.944675746025062324e-01
-1.225712785471677835e+00
-1.056200769570785791e+00
-2.524845803986965453e+00
-1.838284952769383640e+00
-3.627889740729122181e-01
-8.842736774442490066e-01
-1.082301463377702389e+00
-5.844447464767066336e-01
-2.911887594131310486e-01
-1.055245183328530345e-01
-2.427977829254519548e-01
-4.984925044754717760e-02
-7.690886260199281121e-01
1.632620036795300322e-01
9.474837468971175625e-02
3.592889553042160067e-01
3.634883535387452014e-01
1.928953025275830235e-01
-5.165656458366827408e-01
-2.722103977307495093e-01
-5.019738259459769480e-01
-1.446998258345124855e+00
-5.752027411520601596e-01
-6.100811321643471175e-01
-7.846099314404515468e-01
-1.282888145470257868e-01
-8.971417725160215628e-01
-7.912269447686748336e-01
-1.098628130496734912e-01
7.926807062829417383e-01
9.745130732609954549e-01
1.070650770985545286e+00
6.097119475786101361e-01
8.656414591260324087e-01
2.174457448375437529e-01
-2.450755352688611666e-01
-2.645923401609362458e-01
-5.030995259350117266e-01
-6.303735888858641445e-01
-6.804537083891659677e-02
3.639067850193073994e-01
1.835909985926371668e-01
-5.370739561448005794e-01
-4.021553081992621514e-01
-1.603328182863424267e+00
-2.644882360082205786e+00
-2.454016992326171209e+00
-2.454018985816858844e+00
-2.061510249130058092e+00
