3.612833954106563494e-01
3.636881334332606741e-01
-7.973769535259986330e-02
2.864492259196937396e-01
3.463832205537394904e-01
3.168991817635298802e-01
7.465970268249945418e-02
2.443974430176850676e-01
2.023922346696735708e-01
3.957325827885786462e-01
-4.795054312521703777e-01
-6.060172849920107963e-01
9.776106154899161238e-02
1.646005843869471630e-01
2.770435081019944484e-02
3.457367037550209132e-01
4.437112824116533627e-01
3.797027215596023852e-01
3.897985881079658599e-01
4.525574674856713275e-01
4.379767440523836819e-01
4.832869698424999694e-01
5.686973693864857404e-01
5.452384457351141522e-01
5.585096027912606065e-01
5.451484826480963441e-01
6.496484853516290014e-01
4.899689913703056954e-01
4.765651974792027290e-01
2.730989374374996337e-01
1.671869035849867791e-01
3.366455105251708324e-01
3.051052008937902849e-01
3.675801012264010570e-01
5.062176387192771632e-01
3.598270437999516735e-01
4.454305126854275487e-01
3.348084648410465936e-01
3.620719293306853270e-01
4.632386174438331561e-01
3.827675347334100198e-01
6.156511343108082013e-01
5.125037989901217728e-01
4.048475095661756562e-01
3.759481369168741205e-01
1.967821042714735236e-01
3.775516701724375701e-01
3.670509442407225986e-01
4.940747510464400527e-01
4.121227161038888420e-01
3.065839126840625428e-01
3.407047354819898732e-01
1.403537203784102072e-01
3.887340581689798791e-01
3.234735731502817457e-01
3.807512120607190464e-01
4.067412085883976847e-01
1.505996525823739551e-01
3.476421721840758927e-01
4.807692016063968010e-01
4.446476034487993334e-01
-1.253887629681728622e-01
2.691009478544267430e-03
-1.104116050440861752e-01
2.644715988877355262e-01
-1.369488245763689493e-01
1.544810788639872923e-01
1.007131774692657383e-01
-3.110614157603162067e-01
-1.941499683488173422e-01
1.043496672075474169e-01
-1.824002050966660321e-02
1.549951805114567205e-01
1.438354171985262719e-01
2.882330328950672427e-01
-2.316779349529136250e-02
2.851241609166907387e-01
4.325869449187274007e-01
5.584945411998641918e-01
4.182551569977231987e-01
5.260118139677125715e-01
6.297345579199906673e-01
5.897700385676977186e-01
4.222426508437922554e-01
5.678763530769865842e-01
7.809064848051192609e-01
7.980259259291996310e-01
8.057840709683219416e-01
6.988944195370191403e-01
7.220883436472911310e-01
8.221213202874657622e-01
5.735060612504422339e-01
5.342380073444524813e-01
6.894840322991728776e-01
-6.069611973341456496e-02
2.437722625985536962e-01
4.302462706150402827e-01
5.513388826191838454e-01
6.142022710837412580e-01
5.803197578013510327e-01
6.413179543742683064e-01
6.815471750861111788e-01
7.119973800024933519e-01
5.324642065796101331e-01
5.531999896586360377e-01
6.543405039165329784e-01
7.337338558974931813e-01
7.263547688322460338e-01
7.973791535256578022e-01
6.252047076034145112e-01
6.622801142130323448e-01
6.486062107198179438e-01
8.380368389854272460e-01
-4.355787710425185755e-01
-5.784839945033752873e-01
-4.163795905187724355e-01
-4.185373271210808821e-01
-2.108363904593791860e-01
-1.858013343018520558e-01
2.608966645300991524e-02
1.981019186126928566e-01
1.596553736659481748e-01
-1.931394973959836003e-01
2.397951791276845823e-01
2.172321301195503096e-01
2.882910270346112913e-01
4.134392317307525322e-01
4.495132832948842694e-01
5.496992538424357866e-01
5.158624771050145386e-01
7.849410609980149722e-01
8.554049644436512168e-01
7.462843747977863096e-01
6.686086776128726816e-01
6.930803113832746387e-01
8.011704584088021885e-01
5.323641545662911589e-01
4.254633658181614098e-01
7.564548294521360461e-01
5.340204249817103177e-01
7.260990113521841316e-01
-7.784443778825103077e-01
-8.963853061594732052e-01
1.273104429998459242e-01
4.825708365573035952e-01
-1.075939126821442215e+00
4.046776630102659755e-01
2.501709263216129742e-01
3.229166726278671073e-01
-1.584464386333228614e+00
-1.535188908804276497e+00
-1.052418556380719350e+00
-8.006481210739739840e-01
-1.227573203157268811e+00
-9.029331576924589653e-01
-8.577756955911701731e-01
-1.105539602926984166e+00
-1.028337022519482558e+00
-1.121735878966646505e+00
-8.925067250395586349e-01
-1.492753593616475971e+00
-1.290330485522290127e+00
-2.700312481542878618e-01
2.911604831982189320e-02
-1.973150558789221465e-01
2.674652987438148610e-01
4.291305180722682633e-01
4.379633546223252738e-01
6.122675435899828100e-01
6.778837662203932579e-01
7.863531540483981175e-01
5.671679766957088420e-01
4.443931463895941514e-01
7.892925636546798129e-01
7.912334014496194001e-01
6.384837881040286156e-01
6.975101320097983892e-01
7.733540211215736981e-01
4.822433276395595159e-01
7.120294809863141339e-01
5.125539849439393336e-01
8.027382049274025544e-01
8.350612716680551051e-01
-3.843206499839443846e-01
5.138497835102867617e-01
5.183504047269107406e-01
5.401741919962618210e-01
-4.453521746785107059e-03
3.972452297548128564e-01
3.975526830652388877e-01
4.587288305535233701e-01
6.041355717533736236e-01
5.472283149227777921e-01
5.336262553874110415e-01
5.138926760131949933e-01
3.164946635107074302e-01
-3.216383992296856925e-02
1.547280906590417504e-01
-7.512048218167736158e-01
8.023429651711241894e-02
-4.612650946175754219e-01
1.676158596561833081e-01
2.670003307049321761e-01
-4.852247706444757780e-01
-1.198734997889429749e-01
1.535670994048599913e-01
-4.697989450893990532e-02
8.731164222778767248e-02
-6.292055133364192476e-02
-4.205098548311292928e-01
-7.608974249794749900e-01
-7.930321235220487708e-01
-1.037361225726878555e-01
2.251209111960759679e-01
-1.001230759183441010e-01
2.912026018258978000e-01
3.447720648853097591e-01
2.811277458232788184e-01
2.806774060331740928e-01
4.542616762619572923e-01
4.556491924294311935e-01
6.638488498412058458e-01
-2.601433615592466109e-01
-1.364431789184444854e+00
-3.332690235176218874e-01
6.430729794491729656e-02
2.077275560944060184e-01
5.677395833608724907e-01
3.726495919128593459e-01
-1.089003886388995035e-01
-3.123808906459817902e-01
-9.903931738691498232e-01
-1.340166068175592695e+00
-1.209032342045067265e+00
-1.105769935961395500e+00
-7.583485309972921584e-01
-7.968892757459319354e-01
-5.553930815353123190e-02
1.652165750465074967e-01
2.475763332251822157e-01
2.620138919317681059e-01
4.174799313020746139e-01
-3.477621202390608346e-01
-1.055589693983428612e+00
-1.337305436897951783e+00
-9.506511953164938911e-01
-9.680019318380423954e-01
-2.243667632839977666e-01
-7.101992916093832209e-01
-1.963432404972085266e-01
2.806568066931122152e-01
4.485266654300196776e-01
1.309208367846088072e-01
2.873397320661961185e-01
-8.889619833751222222e-01
5.055178162202797476e-02
1.911908464980279776e-01
3.393278633012496992e-01
-3.076898953155275951e-01
2.075683375125915719e-01
3.349225270733130477e-01
4.328648443848209793e-01
6.045288319177651859e-01
2.153794559538175779e-01
2.912098458272912790e-02
6.880240024241642827e-01
7.463579751511828508e-01
5.100133981757086765e-01
4.009640240388486765e-01
-3.340287958989281158e-02
4.182654820240542803e-01
-4.088086871552804036e-01
6.670266572823237150e-02
1.155656159541154637e-01
-4.794856254339731061e-01
-6.513929345018282246e-01
7.325898758046898995e-02
-6.024174126262802353e-01
-8.329634278395826597e-01
-9.418102041994353968e-01
-3.172890759403247940e-01
-8.603135057475402858e-01
-7.901863084360124523e-01
-8.390773173380555727e-01
-5.670099949893050439e-01
-8.787648585430829495e-01
-3.217197599390048679e-01
3.470950880057170618e-02
9.588557017092695645e-02
-9.226122641097249666e-01
-1.295044711079387512e-01
-5.718988575511645411e-01
2.486188776798911038e-01
4.556411499260146214e-01
1.729095007598064893e-01
3.891614295568686099e-01
4.465701618983162757e-01
5.904300554672436974e-01
6.218929605679819339e-01
7.496229395663165374e-01
3.667924673539788016e-01
5.281592670544836832e-01
2.471407895892699935e-01
-7.585784031202511546e-01
-1.066977498981909189e+00
-1.414376643630294028e+00
-1.201723085540925329e+00
-1.478299583162362651e+00
-6.621524188490791607e-01
-1.487054242478624166e+00
-1.109929497967228063e+00
-7.025935553068231032e-01
-6.575415629448666532e-01
-3.594687132432373144e-01
1.699971737745000766e-01
3.164490719536917074e-01
3.640793682913304741e-01
3.671058679497630206e-01
4.407239454662339462e-01
2.838441207141576550e-01
4.380852503592432695e-02
3.236726630469728971e-01
4.489952666030680994e-01
4.691351517649156588e-01
5.180991706731419288e-01
4.576156329112936461e-01
-1.347780407056028418e+00
-6.535674675058784633e-01
-5.771010598943816516e-01
-1.484761182156267179e+00
-5.991018593976976669e-01
-4.683523045869739665e-01
3.505552781859912898e-02
2.150006289944353111e-01
1.456975507567924433e-01
-3.898769363522129883e-01
1.945008324462960403e-01
3.345776958238792509e-01
4.575453596577001014e-01
3.421367837937267509e-01
3.035487635650414018e-01
1.953862726092479574e-01
5.054978412117830944e-01
5.517815671195475113e-01
4.187338874020392065e-01
5.498523698990713804e-01
6.912879549127016743e-01
4.327185339653358831e-01
5.361713622658937917e-01
4.074220260775668900e-01
3.593099585219964864e-01
1.341293403905478299e-01
3.599693659819804270e-01
4.435997525357064375e-01
-8.411624043515808502e-01
-1.579966036478180902e-01
-3.078113050172412990e-01
-4.266677064433288535e-01
-1.190690590123343606e-01
4.174261613230994539e-01
6.809199621521684342e-01
-4.830823592872452998e-01
2.763047408361359314e-01
5.427843226535170595e-01
2.431306910571592317e-01
5.716565596001427219e-01
5.668977090155509213e-01
4.473594467162765875e-01
1.273765759941290487e-01
6.138585489928658490e-01
8.685911564105391891e-01
2.369920009007829842e-01
3.340696625860130609e-01
7.139200982922113692e-01
5.758728132271556666e-01
6.749614560734475965e-01
6.023837333918113934e-01
7.702932876743057156e-01
6.785943839133417033e-01
1.133673905047103969e-01
-5.582774447902053572e-01
2.788317664348904934e-01
3.578265243467956269e-01
5.353359060616312837e-01
5.523962485270778044e-01
1.876629475582446416e-01
5.787455977960580533e-01
7.822907685601768746e-01
4.688006410476380226e-01
6.086459106908140848e-01
6.303766341479365432e-01
3.079997085083459596e-01
2.888090926633448685e-01
3.075964629094373737e-01
5.204267561013073973e-01
-1.022922525183880493e+00
1.246378192770009052e-01
5.112735795980206666e-01
5.458563684867254739e-01
3.779883132135578583e-01
4.203685299945820325e-02
-9.042845846733758020e-01
-3.415313880837155258e-01
2.642984766485386161e-01
4.107286594522008283e-01
-2.939687019416410418e-01
2.330447023553686159e-01
2.124087437602600326e-01
1.008107423993775120e-01
-1.318894844917257059e+00
-1.095581714728022238e+00
-2.375290850693399514e-01
4.510855929325096464e-02
3.535817796178782335e-01
2.787502513695062079e-01
-1.700440881394240378e-01
1.021557822742650140e-01
1.732798853091475910e-01
-4.323229473646870713e-01
-1.452966281338915699e+00
-3.311220091787345776e-01
1.170309606273483433e-01
1.119839901641791619e-01
-1.099011782285878258e+00
-9.802173650840753094e-01
-1.126224625923058831e+00
-9.917505997977257293e-01
-7.579585715889274322e-01
-1.344381264127358921e-01
-5.127759337497338477e-01
-1.116949098356242454e+00
-1.261365610185622099e+00
-1.102698665040718673e+00
-4.598378924863467110e-01
-3.114432350295207041e-02
1.960040565423508130e-01
1.059751399435875652e-01
1.302359286703366481e-01
-1.920365355165159771e-01
-1.907790724515619762e-01
2.610752866463764699e-01
-6.106926833058047288e-01
-4.072881913792419928e-01
-6.282848018743304730e-02
9.071037891636189732e-02
3.352575816553002852e-01
3.958996642026011981e-01
-6.687440936861084317e-01
3.480851765524852620e-02
3.704533014527641721e-01
5.031203047671888307e-01
6.634447133307187494e-01
5.278610208637658507e-01
7.241384870727901601e-01
4.970915307677157280e-01
5.222001391105195456e-01
2.891816649401826589e-01
5.799983732187893315e-01
5.361789030599983796e-01
4.007311795538170407e-01
-9.612719132953051471e-01
-1.378547664542533635e+00
-1.004993249001742806e+00
-9.773452817620286170e-01
-1.273572242948725730e+00
-9.848212193584393592e-01
-5.215988309982170223e-01
-8.533917963865994549e-01
-6.708462920436550903e-01
-6.474397886307647898e-01
-5.840257510133748386e-01
-1.429295348508279107e+00
-1.002059378894325725e+00
-4.461799158011967581e-01
-4.535599621943305348e-01
1.259706514823396850e-01
-1.070499406181956381e+00
-9.666203849031584916e-01
-4.978830901439340040e-01
-5.013984698600725265e-01
-3.712313372791211652e-01
-2.820480316851661784e-01
-6.724580613966072429e-01
-1.466184687786816099e+00
-8.095997702192981871e-01
1.282757159854496509e-01
3.756715911716999035e-01
1.541956357526485522e-01
-2.001891798370288578e-01
3.692005465315883472e-01
-4.834751169830013295e-01
1.459676471463342007e-01
3.987790400765864329e-01
3.801538908896546221e-01
4.188536172791006429e-01
5.608778134377708779e-01
4.179222475155007777e-01
4.912247335194863673e-01
3.752812771400952929e-01
4.503381700210712935e-01
5.994325348034001966e-01
8.384941784827619482e-02
-1.110885387133596858e+00
-7.167813625140168066e-01
-1.308718731347841002e-01
2.405126192922444478e-02
-6.672680903334554658e-02
-9.478110933559524831e-01
-6.368044956324934169e-01
1.947750450523736410e-01
6.060103685500115717e-03
4.250921473718908272e-01
4.547795043649969227e-01
-1.942717239757521530e-01
3.620565022267963062e-01
4.621937033907005388e-01
6.467116448927964223e-01
7.264002266635867233e-01
7.555083166458878008e-01
5.926676500634119327e-01
6.119617751666579508e-01
6.092432815287504022e-01
4.012706626654482522e-01
-5.994241575171725678e-02
-1.324541861783725905e+00
-9.336794087504282080e-01
1.288945475224166082e-01
3.086360979381105318e-01
-1.306168893696484146e+00
-8.939566960126213990e-01
-8.214872119536720252e-01
-5.432039371671635447e-02
3.384355598280952560e-01
3.905583065751233596e-01
-1.463169201084683957e+00
-1.554064896221124759e+00
-5.904772096381200042e-01
-1.424631205107208309e+00
-9.429123371252203789e-01
-1.224845399950222902e+00
-1.654352550219697848e+00
-8.280514352545992329e-01
-7.318239975908602535e-01
-7.519126919180352253e-01
-2.808408401446421676e-01
2.395470960711889585e-01
2.077238063224394748e-01
-3.178901810408351625e-01
2.236237321698316960e-01
2.743112561540817507e-01
-1.349657288987433867e+00
-6.424142904996156256e-01
-4.330751159926190530e-01
-5.466248744571342577e-01
-2.222155267428991832e-01
-1.203467460071147466e+00
-1.619400459531496139e+00
-1.367574245605060135e+00
-5.797611015875983043e-01
-6.181169801243836526e-01
-1.231915937817418955e-01
-1.159102681385801026e-01
-1.310908533568222456e+00
-1.191911664493726652e+00
-1.170956930609594326e-01
-2.616296675456263390e-02
3.043207402289735408e-01
3.554694787384969357e-01
9.676783554539079846e-02
-1.147332705054094903e+00
-9.825115833940313292e-01
9.406168043921393773e-02
3.039674330992495621e-01
2.969875106948979271e-01
3.174238450617279939e-01
-3.792546530533169036e-01
1.464574175513321252e-01
2.528836302592095686e-01
1.468120333935427346e-01
2.335261084400114540e-01
-2.628099208457279623e-01
-3.423645195499419591e-01
-1.089468643930763703e+00
-1.529505321971518672e+00
-1.436427068019915820e+00
-8.473100164867536366e-01
-1.939021916547529756e-01
-7.429700215036239008e-01
-1.346831676363399843e+00
-9.161404338683490911e-01
-8.204500265539144133e-01
-1.194532051161365294e+00
-3.896048045963127482e-01
-7.948386538348267694e-01
-1.087052356366825956e+00
1.991121208588308156e-01
-9.554921453118530028e-01
-1.934618388438412162e-01
-4.094511149997263066e-01
-8.421121607472165094e-01
1.511971584622292530e-01
-2.497887945014834465e-01
2.484300044180803302e-01
4.626624650830740149e-01
5.968442166765984824e-01
2.419784139137445278e-01
-1.130336508472013085e-01
-1.059919471192169338e+00
-2.194254733245273037e-01
1.931227514318707150e-01
3.429289084224575457e-01
1.732843639666871716e-01
-1.690329512513426280e-01
-3.275270531997677703e-01
-1.149134913470447827e+00
-1.001562119357745306e+00
-1.174533228702844712e+00
-1.159700796194146566e+00
-1.017762030086419411e+00
-1.139483313679231724e+00
-1.311766232541835109e+00
-1.497899330628024162e+00
-1.130529703257145302e+00
-8.543808238033605562e-01
-9.107183814395899413e-01
-1.249218910721320519e+00
-9.901936131644059058e-01
-1.342624532238230195e+00
-1.101054670947317904e+00
-1.327696872293042007e+00
-8.433363009673890964e-01
-1.702225817891067083e-01
-3.647489156361413132e-01
-4.795882054068147937e-01
-1.030016029381353837e+00
-1.894936335782201886e-01
3.183002992179660984e-01
4.698386374286260270e-01
5.412283345941470980e-01
5.104367846069980397e-01
5.773476981564056310e-01
4.938146690678255069e-01
4.938907543099892994e-01
5.163938509758508877e-01
-4.354692387616698745e-01
-1.412022862308478732e+00
-1.111809796975538056e+00
-7.825416069288713139e-01
-1.039606641677204513e+00
-7.653949961690248438e-01
-7.556881919121167801e-01
-7.383131417898336490e-01
-1.025555840493899140e+00
-1.007437230746247137e+00
-6.527087412854806203e-01
-9.501155660540037129e-01
-1.374140762962916318e+00
-1.403129998723189331e+00
-1.141550286350977883e+00
-2.858867921116086119e-01
-3.264973723289676388e-01
3.182216862172266292e-01
1.227125243541868777e-01
3.577562855787285723e-01
4.343289037555214116e-01
-7.649905646104927515e-01
1.105027397562961672e-01
2.225936259806738093e-01
3.638233716608625379e-01
2.674670482165125152e-01
5.102873391122810798e-01
4.168520886326792380e-02
4.171256677705521554e-01
5.480602719026146374e-01
2.428748156213052234e-01
3.961567491748849701e-01
5.065543981843557697e-01
5.450416366202103235e-01
-6.678517199967162199e-01
-6.202267170982342370e-02
3.515399385899500850e-01
4.434122308376059474e-01
4.706003274208132581e-01
5.736172390767748652e-01
3.518073990182624122e-01
1.196439408725859938e-01
1.233688484795128840e-02
6.994999701665417791e-02
1.847083423473983299e-01
8.076760569564919723e-02
4.173353069725303510e-01
3.941697046540843519e-01
-6.681780972101707405e-01
-4.439208459286423381e-01
-1.352478829806847749e+00
-1.403249824342522878e-01
-6.558458934018871478e-01
6.925158288917944958e-03
2.377472368231612621e-01
-1.610634991441488861e-01
-7.879837957518995850e-01
-8.147783633845679940e-01
-7.549870104515119529e-01
5.042091139638225222e-02
-4.542905421135902122e-01
2.243164628883004275e-01
3.633079427590606425e-01
5.326400902203117793e-01
4.238909240426870229e-01
4.748750518588397695e-01
4.976147924808753675e-01
3.557316716773402665e-01
3.788451411499700328e-01
2.391814511472824811e-01
4.730592281436751256e-01
4.461486550314138766e-01
6.763242786694705355e-01
2.829333965139318452e-01
6.181178532535477194e-02
4.261926580491280925e-01
5.224131713091633156e-01
4.477032150569538738e-01
4.691188426813466261e-01
1.796693736482857795e-01
5.051134861790115282e-01
-4.593334715364877363e-01
2.553840761506618873e-01
3.851991576860622768e-01
3.085967750503908480e-01
-1.017132538125314012e+00
9.689283325433038774e-02
3.414867290143922679e-02
3.013598312389774159e-01
2.334400417802052763e-01
1.759579893020102870e-01
2.108173940044399952e-01
2.010202474410178186e-01
2.495411995800846661e-01
1.743693116249557251e-01
7.969277099785475327e-02
1.119543868546978294e-01
-1.008854050023846538e+00
9.115341631281027868e-02
4.343817880178794666e-01
3.763325437998378820e-01
-6.005688063151025657e-01
-2.502328000541018671e-01
-4.104528778103723186e-01
-3.609418904495400454e-02
2.186962795056785203e-01
4.351302742926378420e-01
2.686779553684228161e-01
3.190715924675254223e-01
-5.143685756357347927e-01
-1.543601339995127608e+00
-1.394255196773588112e+00
-6.989846859814380364e-01
1.597813826829050377e-01
2.167036534337227760e-01
3.240894371951697495e-01
2.777592089002349773e-01
-4.262783481900385418e-02
-2.209396697595094883e-01
2.009996116003463784e-01
3.263268277135183970e-01
3.236718961837054542e-01
-7.475689549172439552e-01
-9.611931532920878762e-01
6.332386700370157273e-02
1.206070012155025378e-01
1.523865538367338013e-01
2.818553842235561047e-01
1.699750025658333386e-01
2.315717223059529928e-01
2.217121223793073193e-01
-1.535904178078443705e+00
-1.474578170114027476e+00
-1.363497728150215416e+00
-3.243262188259729562e-01
-1.988650839865274689e-01
-4.624818707557708519e-01
3.029218702824693632e-01
4.229454131996684407e-01
3.923694270176912857e-01
3.081935286515939953e-01
2.502723664539658471e-02
-4.407557431386062152e-01
3.641846158237156683e-02
-3.625387215073433977e-01
-1.050217282265468510e+00
-5.488055945152148229e-01
-1.011608038643418528e+00
-1.047613356053121114e+00
-4.357941073997758097e-01
-1.261536936035400513e+00
-1.108034497708179300e+00
-7.826347055217353077e-01
-1.552580180786452546e+00
-1.156702613214622533e+00
-6.803432081325841985e-01
1.105706247153262489e-01
1.978800737438759783e-01
3.677353848466754505e-01
3.221732746536254965e-01
3.651343324616527219e-01
-8.330357343012443350e-01
-5.014435318761886196e-01
2.380509428896815660e-01
8.947318843070965755e-02
-3.852844764033605540e-02
-7.378587944628922646e-01
-8.970579401584827250e-01
9.840785318763944911e-02
3.093737105192169712e-01
4.168499677728637054e-01
4.832520925010929669e-01
3.773290204093758260e-01
5.017947475157175097e-01
5.149505890642998018e-01
6.715330474187800602e-01
5.072400566260406585e-01
4.033083463964236004e-01
5.152370410075637341e-01
5.126826602339320527e-01
5.697395281104187248e-01
5.314427751905848735e-02
4.273201152162664496e-01
4.765695443101243267e-01
4.656688762716144070e-01
4.410190978403698558e-01
3.963666720506843211e-01
3.314047530682948106e-01
4.357414541946316167e-01
4.358034343576558389e-01
3.091778040340957823e-01
5.077090650985531806e-01
1.977056135275944426e-01
3.372266375888799406e-01
4.040351109894866344e-01
1.711331771267694535e-01
3.821455290082639844e-01
4.991672597691132474e-01
4.963238517099959890e-01
1.916525592500683828e-01
-4.251189441447436601e-02
-3.914967882078095041e-02
-1.630134339212140349e-01
-7.494797749171777657e-01
-1.315493332829080320e+00
-1.116197293263993862e+00
-3.864848318715112252e-01
-7.091953879059750276e-01
-1.474297985048296233e+00
-5.841082094750479348e-01
2.006897172989292599e-01
1.668969557154174888e-01
3.816524080803705421e-01
4.433452856945308551e-01
4.313240332372899610e-01
4.185914209291320964e-01
-9.027295340130524481e-01
-7.282315417508199440e-01
1.009623841000963779e-01
1.934733225642021048e-01
2.137936725889015843e-01
2.547277520421855623e-01
-4.780009706168136252e-01
1.583483387127504194e-01
2.724119933552970330e-01
-8.605314038564924051e-01
-1.291909865464389018e+00
-7.533476198698457749e-01
2.119537414548301191e-01
2.416797280064935105e-01
3.717311920634637779e-01
4.634011426080199558e-01
5.522436284246041716e-01
2.977775583107849511e-01
-1.182993708865172744e+00
-7.615653803209354589e-01
-6.622936628102714385e-02
-1.121655990324801788e+00
8.684058941763989417e-03
2.639291633900194833e-01
1.466863999318328005e-01
3.300763311160582192e-01
3.400569663758824523e-01
3.833537810621866493e-01
4.887656846852787007e-01
4.499951466072060202e-01
5.413271119504130535e-01
2.320341937241575669e-01
4.742354675726216384e-01
2.678767454771461831e-01
3.783044892227299116e-01
1.333131135863183381e-01
3.566609740151481800e-01
3.185458977643541578e-01
-1.141465200151077664e+00
-1.321681749508315962e+00
-1.474295316772501918e+00
-6.835038414773734194e-01
-1.110179914454028305e+00
4.298615343573596037e-02
-5.060247144209379933e-01
-3.154763839880127957e-02
-9.854414800257307872e-02
-1.448841593594030891e-02
-2.633948011843414427e-01
2.647118104656013826e-01
2.955121660052252297e-01
3.523556716018159674e-01
-9.298151280019264497e-01
-1.955163068272057769e-01
1.187886494691274275e-01
-4.375195854044073851e-01
-1.404288078622734082e+00
-9.619779807087774914e-01
-4.703578881057943889e-02
-6.187403614106794514e-01
-2.572159181251392757e-01
-1.232860047367916767e+00
-1.381462220252377859e+00
-1.113735093882560534e+00
4.585002365633758514e-02
8.167053981343194713e-02
1.650155639725129630e-01
2.031835221165821936e-01
3.046332300751093958e-01
1.826584184665692723e-01
1.326306376787945718e-01
3.253644690113419169e-01
3.722176000960753517e-01
-7.641504630342133009e-01
-2.126779148677921949e-01
2.174206877887400746e-01
2.257814565555869568e-01
2.853315254112460120e-01
-8.974907442769966548e-02
-1.661634775165480027e-01
-2.839485556285419876e-01
-1.521528673082815919e-01
-3.101267397549159477e-01
3.021097342888434678e-02
2.124066034776397188e-02
-6.279314293276965220e-01
-1.154281854863046727e-02
-4.242540893507135841e-02
2.680923958366560056e-01
5.024914609954581612e-01
4.632340804370229659e-01
5.634635679099165850e-01
5.420342223771588142e-01
5.726434812120845264e-01
5.122496575864605717e-01
2.894586876323643754e-01
3.214419071109023696e-01
2.584727983045995159e-01
-2.253739400594763631e-01
2.615502366981338755e-01
2.646974183467791786e-01
4.628471430269531228e-01
5.048641706566318055e-01
4.205353561284800867e-01
-1.163587453578638797e+00
-1.065040923349546143e+00
-1.978415846530819644e-01
-9.298802979031174365e-01
-9.959015361037932834e-01
-3.270497529616349375e-02
-3.282497319925714585e-01
-4.391111987905608333e-02
1.266493341295605590e-01
1.797418306067856686e-01
1.464581312820527892e-01
-2.076178352966358831e-01
-1.859743514520082741e-01
-7.978020748187798772e-03
-5.846074700856784823e-01
-1.315093094979620236e+00
-1.203752713839342237e+00
1.720317989963364158e-01
4.032367864970936577e-01
3.767006733448902134e-01
3.933121350108130243e-01
4.570530530280407233e-01
5.142659949222353477e-01
5.198642070748532573e-01
1.832767531001373157e-02
-8.415369840110797917e-01
-2.234590940078503771e-02
3.118293059394563471e-01
2.801036951615990533e-01
2.655098674918570101e-01
-2.767714323880404725e-01
-5.027944191522272510e-02
4.977956294864752107e-02
4.082890602202560726e-01
4.610112548956243339e-01
3.426444283103305954e-01
5.003570826616224876e-01
3.945949179529093520e-01
3.505252463690347597e-01
-1.961526039987207884e-02
-1.475603242257107484e-01
-1.138507405150105123e-01
-7.945150076050616628e-02
2.877454240043296751e-01
9.490347368273090167e-02
4.942372870131045426e-01
2.180895883944662106e-01
4.796637205378492808e-01
4.350574986744142891e-01
5.735135294974216258e-01
6.161986153250985643e-01
6.885981345125593567e-01
6.960510443563692196e-01
-7.191023861454776123e-01
4.142724106539104612e-01
3.170738311926283304e-01
4.054486440336501629e-01
-4.242003952948961154e-02
2.232275627549202834e-01
2.869281245372998779e-01
2.595384608928659187e-01
8.390208653223280022e-02
8.491293813837642868e-02
-8.824394901196852548e-02
-1.507996131463070544e+00
-1.105434280129678593e+00
-2.243112102070982383e-01
-3.554790523480546027e-01
1.217102526793118339e-01
3.762855919973456253e-01
5.179246307639903124e-01
-4.728873086036346485e-01
-1.363313682323965104e+00
-3.585199110041339954e-01
-1.049183624763105449e+00
-1.246585018579437376e+00
-1.139046890280087793e-01
3.168221309345082282e-01
5.155331712732345029e-01
3.438237971139823101e-01
2.423332990142694210e-01
-8.712474347440659628e-01
-2.674736482876494126e-01
3.046814852578931254e-01
2.503684657046409412e-01
2.485365405389355076e-01
4.206639793451869558e-01
4.627520871223380627e-01
3.139601867961714921e-01
2.664205632226199216e-02
2.428091556647282157e-01
-1.055760050074682432e+00
1.732120652534219207e-01
3.652607568429697693e-01
-3.139113570202846093e-01
-7.259427129660123157e-01
2.943411084370984310e-01
3.846681500466164749e-01
2.287635916302789563e-01
-7.724157909014749412e-01
-7.797284473055762222e-01
3.325603405317676953e-01
4.777946000856646558e-01
-7.872805234328424939e-01
-7.931221789396650790e-01
1.415926473183278245e-01
3.237636200959660426e-01
4.204501886504907193e-01
4.058088606535425469e-01
-1.037507312766853040e+00
-6.203738538006014352e-02
-1.777647599034177725e-02
-2.043459859562774816e-01
-1.150977806285420346e+00
-4.792204686391857149e-02
-7.553413420915323570e-03
2.714566412347061419e-01
1.181860953066918296e-01
-3.145885423159258676e-01
-1.979644009210677902e-01
-2.192759032789587115e-01
1.373026235875802192e-01
2.838841153611089685e-01
4.372945009357500634e-01
5.304932833290816330e-01
7.771515138282890645e-01
-5.083086372307676903e-01
8.254390941353970113e-02
-9.510875630919661816e-01
1.748961055395123476e-01
-4.613471000231805785e-01
4.408716580192391099e-01
3.410553494493985260e-01
-8.080010462655802250e-01
1.410282203332385298e-01
2.353730698579124259e-01
7.327273140948242780e-02
3.769428073669211510e-01
-1.620160553823426774e-01
4.900110960955217920e-01
7.249845883443708505e-01
-5.066602150929625514e-01
-6.497909882568052575e-01
-9.607117141126885196e-01
-9.032038191563439566e-01
-7.979571850323834425e-01
-8.275051362077294748e-01
3.622608914986171630e-02
2.042692298799926309e-01
2.800584982404366041e-01
4.021905490925191673e-01
1.109285855104725216e-01
-4.260787616743345052e-01
3.178910414868384993e-01
3.172965756022845252e-01
-3.441327759252089669e-01
4.487382458020034437e-01
-2.077671964913222202e-01
4.234178453455269553e-01
2.278338795833901032e-01
5.322002740264496490e-01
-3.700047541608841306e-01
-6.905938802993635273e-01
1.155598442877651122e-01
2.742557272310911509e-01
3.195746835074423364e-01
-3.841768067544575060e-02
-3.517221951243858225e-02
2.095936110565516444e-02
2.718601379866651402e-01
4.146842261512809213e-01
5.568549597766825343e-01
1.847898244977291549e-01
1.202829144017652924e-01
1.659475580293807706e-01
5.226301645399710205e-01
6.000391590910745254e-01
3.400400010963664510e-01
4.232964175199772083e-01
-1.205380895407177633e+00
1.435312929880810384e-01
-9.083556434156698778e-01
-1.352419541605018038e-01
2.270555198609821024e-01
3.753599867818237512e-01
1.153780152523659758e-01
-3.533589826356290375e-01
-3.871401973946634323e-01
-3.397615109644576137e-01
1.912859614446680012e-01
-5.781860328159895562e-02
2.467589172714209356e-01
3.540993238183735570e-01
-3.119792365538837792e-02
-1.212832981001147892e-01
5.813175620522062492e-02
1.496074705548963157e-01
1.963267750711832627e-01
4.181621557742720152e-01
3.083566428013536087e-01
7.606060652763448893e-01
7.883949983886552326e-01
7.329666096138699460e-01
6.915793312158434736e-01
-4.850409653861346704e-01
-6.073608421849191474e-01
-2.368694541051689362e-01
-1.910831108274445578e-01
-6.789808157031611280e-02
3.473242300852366626e-01
4.544621157919006560e-01
6.698838044785060397e-01
7.586158990062779051e-01
7.330326926230626983e-01
6.448768669548844423e-01
4.178635367962330593e-01
5.555268499402081783e-01
5.154560299681181235e-01
5.063979466127824791e-01
2.976366515748920527e-01
4.972917986704971094e-01
3.088014389967068674e-01
4.144566572425378848e-01
4.660919744291948663e-01
-6.858602521935667218e-01
1.496314226035893036e-01
2.719277166164592585e-01
-8.121392727928876676e-01
-5.239596831164648749e-02
5.055527177853399307e-02
1.266207582300881707e-01
-7.247403441084139253e-01
7.261476208546695232e-02
2.461769823844378868e-01
2.992128389035373370e-01
1.773581772769266540e-01
2.008480572373697037e-01
6.400269050669224469e-02
1.847420167924008483e-01
9.906115837672993529e-02
-8.567529759160291691e-01
-1.119668667377115456e+00
-9.333427369192487388e-01
-8.397953185915741914e-01
-6.422610390607647046e-01
-1.880542535885071365e-01
-8.286511434817574184e-02
-4.330657754898878387e-02
-2.463193087422156299e-02
4.259009046786652736e-02
1.589887796695538535e-01
1.463105704961718823e-01
3.430363846258528415e-01
2.898010728433327299e-01
1.380899171371217371e-01
9.594218815403300626e-02
-4.805539396524133311e-02
2.441990781175930603e-01
-2.008940952850039041e-01
3.232246613099238886e-01
3.483284785770147107e-01
5.017018367447778626e-01
4.568035214633638930e-01
4.425427891036682326e-01
3.033694041797725394e-01
3.766188137831778526e-01
3.881015576213850959e-01
4.511517012973833007e-01
4.642060139788348194e-01
3.041705866773962152e-01
3.444230637040079368e-01
3.577500150385995448e-01
3.072734945780198346e-01
-5.736841194118411646e-01
-4.993362046564699397e-01
9.714699771160872910e-02
-7.277320645666016108e-02
8.808321252897462206e-02
9.709621590494776910e-02
-3.077676608727536456e-01
-3.237795252124176515e-01
-4.516259997620663547e-01
-7.225278263294265813e-01
-6.321871131989802439e-01
-1.213381135408156730e+00
-1.133191772011470588e+00
-3.613101754764590501e-01
3.247099391358928000e-01
1.980459274758264721e-01
3.948652518344215601e-01
3.188687831127959282e-01
2.717481526328521246e-01
4.607503901970720350e-01
5.291107280550962910e-01
3.549618430152273185e-01
2.690101169513010593e-01
4.345260337562872888e-01
1.903218003849898865e-01
2.701862320627718694e-01
-4.428108435500707207e-01
3.999644677263618220e-02
3.422454874806646896e-01
3.830220058694916996e-01
1.144567680712519075e-01
-4.505470603911199134e-01
3.475675296578290691e-02
2.890432962535506300e-01
4.568481961772992150e-01
4.669543432027454810e-01
5.879720484896956423e-01
5.867179761009116978e-01
5.242499223092559335e-01
4.459549468983982634e-01
5.258384825441998478e-01
4.732446543203528422e-01
2.175640953988657866e-01
-1.011540361806396504e+00
-1.029475105373408139e+00
-9.789682451573805677e-01
-1.007104068592073576e+00
-9.843028773429733924e-01
-9.467952264666105178e-01
-8.594440848475946026e-01
-1.005222252623731771e+00
-1.116623555029594650e+00
-1.002172964394116184e+00
-1.055570255256957024e+00
-1.061514594144522539e+00
-1.116105204194352662e+00
-1.073762709381303138e+00
-1.085228688092575666e+00
-1.037578864640224197e+00
-9.873996384710751473e-01
-1.324288102798299116e+00
-1.469330189212606053e+00
-1.406053987972430308e+00
-1.444460166517339994e+00
-9.468969367065818155e-01
-1.060734185686098341e+00
-9.620338827191118325e-01
-9.379136421910267973e-01
-9.795171806833864458e-01
-9.866923156519489257e-01
-9.292642585250108223e-01
-9.725614766674471889e-01
-1.073163943917907037e+00
-1.026825682714244348e+00
-9.963412368556546772e-01
-1.003802949189666061e+00
-9.352830456593870245e-01
-9.594215191022890110e-01
-1.009884927793104570e+00
-1.021906361738085467e+00
-9.667383861110049326e-01
-9.686299669736415652e-01
-1.001838489166027912e+00
-8.524768718130562029e-01
-8.831434630962076149e-01
-8.385029940221349065e-01
-9.343600305768667846e-01
-9.975029096890257740e-01
-9.917768035835741181e-01
-9.563940524547489552e-01
-9.869657745496047685e-01
-9.067955219136927258e-01
-9.756030245324422978e-01
-8.782664206832890841e-01
-8.924421989497866026e-01
-9.752882815042146492e-01
-9.810328274554075412e-01
-1.150456046893577833e+00
-1.031747588001201033e+00
-9.435970168243430489e-01
-9.614764665490010964e-01
-8.823231058173921504e-01
-8.496670782768727115e-01
-8.441109120923512288e-01
-9.590462373843887667e-01
-9.153329215363291693e-01
-9.314771741832026386e-01
-8.280428008119461447e-01
-8.193897467742798923e-01
-9.999942024624768333e-01
-9.216563519865540455e-01
-9.181756846502350244e-01
-9.533803056329231973e-01
-9.502915853039713978e-01
-9.498939784870374936e-01
-1.142782517204469661e+00
-1.002180989592156957e+00
-9.380358379567017568e-01
-9.436295831952751234e-01
-8.205021736361777229e-01
-7.677247054342400956e-01
-9.267502720767647473e-01
-8.390012986746715473e-01
-8.923278131789144085e-01
-9.078339485743448511e-01
-9.576976386250746209e-01
-1.001370903349026786e+00
-1.028214342434288220e+00
-9.297025545763699661e-01
-1.008650863246956408e+00
-8.805529962363800589e-01
-8.248056517153492528e-01
-9.258463019442519926e-01
-8.313198079234931370e-01
-9.846371744539963444e-01
-9.966369992673791423e-01
-1.099339149502009727e+00
-9.691009773259554594e-01
-9.936047275584961591e-01
-1.035144495748841820e+00
-1.011542554006751082e+00
-9.660734109185742380e-01
-9.436852798370515272e-01
-9.185528581144012383e-01
-8.667511501975857513e-01
-9.604984034724778352e-01
-1.116016755133615757e+00
-1.205799378447280690e+00
-1.300142071378010966e+00
-1.425316413479528421e+00
-1.050876137892024831e+00
-1.049180354700687934e+00
-1.029952146626633258e+00
-9.656626437171526023e-01
-9.833890681612251772e-01
-1.006784190290351821e+00
-1.437457860340043192e+00
-1.210001163561073234e+00
-1.333819274942433797e+00
-1.086853127287871201e+00
-1.187022878442069551e+00
-1.158769156404733769e+00
-9.600810232452816617e-01
-8.988576367385973098e-01
-9.934636882808416392e-01
-9.822852107588954107e-01
-8.287518630646870665e-01
-8.865423386279286389e-01
-1.023055231038140889e+00
-9.911293517947270537e-01
-8.767235667964449197e-01
-9.420809918403502126e-01
-9.782585263808356579e-01
-1.156118602903034587e+00
-1.146278417123845816e+00
-1.164068655523358364e+00
-1.139547507021529738e+00
-1.183850999366516943e+00
-1.205170529503909016e+00
-1.140903818174566764e+00
-1.257996831124457149e+00
-1.263013428617093092e+00
-1.079280360193659138e+00
-9.278291283269259893e-01
-9.394652859721089877e-01
-8.516987645322672273e-01
-1.005389617012142800e+00
-9.569444861346337872e-01
-8.598555265396420344e-01
-9.519345492713174872e-01
-1.034764781757214758e+00
-9.355679252158263237e-01
-8.835443524945023608e-01
-9.689972292199949822e-01
-9.595966547297298810e-01
-9.275328522426035116e-01
-8.663877185648339863e-01
-8.804820030057149971e-01
-9.014557843553483441e-01
-9.287971307088619399e-01
-9.582622386136341319e-01
-9.647301407100189463e-01
-9.086467001210644101e-01
-9.003637907266623941e-01
-9.035053159446920779e-01
-8.985314566014860338e-01
-9.107347717320672942e-01
-8.316372841090327039e-01
-8.376673934655534115e-01
-9.729513928377850895e-01
-9.051707958068406779e-01
-9.451495180849019961e-01
-9.697130545470342700e-01
-9.277449757203133363e-01
-9.630876987978767012e-01
-7.986207211231818315e-01
-9.395548094193564292e-01
-8.877144285340424767e-01
-1.038929167671504672e+00
-1.031011184373022305e+00
-1.083451711706217457e+00
-1.119902872353657486e+00
-1.114628718546518016e+00
-1.076292031960480955e+00
-1.074900311474808801e+00
-1.095605924257681218e+00
-1.099570449953258588e+00
-1.105305609455204729e+00
-1.161068220302822640e+00
-1.124234669837577361e+00
-1.028512452986193093e+00
-9.859229659906638688e-01
-1.057381932499649846e+00
-1.101571487193084176e+00
-1.050716799351942843e+00
-1.079305987311580006e+00
-1.057925734997955169e+00
-1.056377165631075643e+00
-1.070187770682967221e+00
-9.999970315534325582e-01
-9.831264974386344502e-01
-1.073548779312729629e+00
-1.054025128797687838e+00
-1.027511252099805539e+00
-9.941130427119950763e-01
-1.040266390911234184e+00
-1.059420046465245679e+00
-1.075367071777836303e+00
-1.059018654060511544e+00
-1.070663238117195215e+00
-1.007892943689860710e+00
-1.032376094630516938e+00
-9.578159968697570470e-01
-1.063683782499848851e+00
-1.063315404111696338e+00
-9.714282371822430262e-01
-1.080191466069312822e+00
-1.138362689947882478e+00
-1.247499903058191251e+00
-9.844655418405175995e-01
-1.026127685541024626e+00
-1.054529903242888089e+00
-1.079319136167062210e+00
-1.052649049352258226e+00
-1.127662887867594943e+00
-1.025510083446004916e+00
-9.107856305206698533e-01
-9.658218997900748226e-01
-1.051092133590504352e+00
-1.023505828612974566e+00
-1.009541804345571503e+00
-9.849125227624974110e-01
-1.026223768371262501e+00
-1.039896817170265608e+00
-9.631762294565173743e-01
-9.455114602233594123e-01
-9.869129828464192622e-01
-1.069353109222157094e+00
-9.905144696756924549e-01
-9.837268228859301633e-01
-1.018624776988135583e+00
-1.032361305297047727e+00
-9.302888552271738609e-01
-9.699236534339858995e-01
-9.739034113966394957e-01
-9.636470393030127646e-01
-1.023161377253460236e+00
-1.004556345003684514e+00
-9.796660869083211320e-01
-1.000515544283844260e+00
-9.689823058950449708e-01
-9.621499492111431628e-01
-9.700781237165705395e-01
-1.194807239913811436e+00
-9.685078651363486779e-01
-9.746200485037342931e-01
-1.094221189754454038e+00
-9.268780867082152541e-01
-9.771736520478288002e-01
-1.009960404893951669e+00
-9.798398259112001130e-01
-1.020561878094406350e+00
-1.089320623204413918e+00
-1.084890323366338727e+00
-9.788141396810785544e-01
-9.840236977762788495e-01
-1.055671946959663154e+00
-1.239529241007223614e+00
-1.272726723890499789e+00
-9.820919286893533551e-01
-1.029724342098656154e+00
-9.496792922696236650e-01
-9.703526439548321170e-01
-9.675205026877446990e-01
-1.124392612418940951e+00
-1.102769864830047020e+00
-9.312687156070961203e-01
-9.371016786568274748e-01
-8.440734972984564877e-01
-8.130287491813527057e-01
-8.687808606230135178e-01
-1.048638023861936830e+00
-8.944666201968086705e-01
-1.067722937201020628e+00
-1.073516825061069602e+00
-1.073950727715966780e+00
-1.084421696238801136e+00
-1.053199617082755779e+00
-1.037105344922103045e+00
-1.051184187938722703e+00
-1.028822391749025122e+00
-9.867955212470882476e-01
-9.907579860162631924e-01
-9.756629825539367973e-01
-9.582585426129803796e-01
-9.283362837248065880e-01
-1.043096944428052675e+00
-9.320800129282466040e-01
-1.203095332381301841e+00
-1.361681102018732936e+00
-1.475273868191159687e+00
-1.379134144079530389e+00
-1.101738055932924176e+00
-1.122709292580776452e+00
-1.042593156032921131e+00
-1.052440260939951910e+00
-1.056339859257929170e+00
-9.346915168475635749e-01
-9.859796016623293413e-01
-7.871193527832316406e-01
-6.959056252092225003e-01
-6.529987065574719418e-01
-5.903020206368050360e-01
-5.550298493000187516e-01
-6.468183464087579049e-01
-1.008108026510877053e+00
-1.124624502653345903e+00
-1.191626197146745669e+00
-1.415895013043675821e+00
-1.140925582182265474e+00
-1.087020568187038183e+00
-1.050085683648755541e+00
-1.305851138984808646e+00
-1.002680042841153529e+00
-9.310202934266894603e-01
-8.613605258588755698e-01
-5.819286789770814483e-01
-5.350969021364189171e-01
-5.921217752869023521e-01
-4.982868332407058287e-01
-7.177263861080049878e-01
-6.683810359866092510e-01
-4.415948130351512457e-01
-1.735462943457595150e-02
4.778248210332328855e-02
-2.151853223259720532e-02
-6.056252077749370299e-02
-6.827418084404289766e-01
1.828102377822661273e-01
4.813562639232790152e-01
6.336404908365977917e-01
7.328833401704214490e-01
6.935400288134618840e-01
6.035267744315926386e-01
7.368715563106671418e-01
7.504623685517591847e-01
7.517066191310125545e-01
9.052131353698107397e-01
9.110350716770936330e-01
6.271280356795930766e-01
9.417021093013111521e-01
8.858886071435609910e-01
8.737417305406571799e-01
8.655066191256569619e-01
9.991381645281669499e-01
8.268049257245445594e-01
9.836936874282929955e-01
1.060457527392457910e+00
1.003785491816809428e+00
1.060927897732228509e+00
8.982851765134178823e-01
1.107191204977907129e+00
7.958680805450093487e-01
8.219750163502158591e-01
8.601822724168889378e-01
9.943405905164612868e-01
8.245506361428222020e-01
9.642530410025120791e-01
7.440502286669878895e-01
9.650958668240818827e-01
8.241480877987221731e-01
7.016939762657929958e-01
9.255873082144830399e-02
-1.035956272387041910e+00
-1.087310953328929353e+00
-1.118988370845512836e+00
-1.126921941494019697e+00
-9.579488934160965696e-01
-6.767682866352601190e-01
-4.940092866077304135e-01
-4.973061826175766420e-01
-4.144097644874847330e-01
-3.688155773538317472e-01
-1.205472385390423534e-01
2.988122622511180104e-01
-1.705580041870552732e-01
5.431024790011293457e-02
-3.651533459214950095e-01
9.073247215763563522e-02
2.775386156430681428e-01
-3.639076669012015763e-01
-7.078566572857988293e-01
-2.510161256419828901e-01
5.471846544618516051e-01
5.692737892854421444e-01
3.646867776212056600e-01
4.018261826978807849e-01
3.540053083877460760e-01
5.630457038345729748e-01
5.560443561094146059e-01
6.626834628307105568e-01
6.943821984102102052e-01
3.194650650550002746e-01
6.949736332116104309e-01
7.222084678906866007e-01
6.935844903569433617e-01
5.257462143693387713e-01
4.335129694389378008e-01
5.594345628049725017e-01
5.851053957997709443e-01
5.596924153928970469e-01
6.794116655935406035e-01
8.383021510354531358e-01
7.930173447447308455e-01
8.684772518968300048e-01
9.370381762135657766e-01
8.408261302773020196e-01
6.786124407684502868e-01
7.687753246682467179e-01
4.797032094947987768e-01
-7.318282736522321308e-01
-7.822176829403879594e-01
-7.392192756052626823e-01
-1.536985743391122428e-01
-5.472705581020602672e-01
-6.548842356678721312e-03
2.190417876365889360e-01
2.337080148217433040e-01
6.224997617821633744e-01
3.376011260635675137e-01
5.456109124521568710e-01
8.755207949111130095e-01
8.393011749610930217e-01
2.122983356937119814e-01
4.437183358123176213e-01
2.900929915248715574e-01
-1.627961734204274036e-01
-8.884210053388379436e-01
-1.258426201989676585e+00
-1.239277481215399712e+00
-8.932938831693735260e-01
-1.295329985793063576e+00
-1.112931804620417298e+00
-9.652800830652691344e-01
-9.407688768061585050e-01
-1.074439901098450889e+00
-1.482681914304735171e+00
-1.093522853670255257e+00
-8.182323917273178759e-01
-7.418823412414985441e-01
-5.412653180934409169e-01
-3.631803963866722107e-01
-3.017216182508737354e-01
-7.898951874917790050e-01
-8.432056758095326510e-01
-3.672791576528661173e-01
1.163318292403488774e-01
2.204333168152037836e-01
2.258216267001670330e-01
2.122468910342800441e-01
2.167963505785412415e-01
2.520864603632363976e-01
2.621749503969693085e-01
1.293866791925816495e-01
2.150194961377523140e-01
-6.515051265559011762e-02
2.432080571126704616e-01
2.806375969817073712e-01
2.097901343497703408e-01
3.198774568021480191e-01
3.273675636756607221e-01
4.202124781575761192e-01
3.331298088737507102e-01
4.433512189648298185e-01
3.905918408688676124e-01
3.772809417454322523e-01
2.584466409166986112e-01
9.068421609336459188e-02
-1.172624233133436056e-02
-4.374433569657720094e-02
-1.806634715841637373e-01
-1.265063291765943010e+00
-1.106899494023584340e+00
-1.286936962257916317e+00
-1.416690087200131787e+00
-1.174670449796305194e+00
-9.851330622079480515e-01
-9.302768509718367662e-01
-1.501951693426274437e+00
-8.281000183135585058e-01
-9.084022074272529723e-01
-1.258646209845156294e+00
-8.058851715084900391e-01
-6.459375783899889978e-01
-7.263443744326107954e-01
-8.077945670010369117e-01
-9.813843137242799219e-01
-8.351765607015525505e-01
-2.666232679068505917e-01
-8.430990976002312731e-01
-9.128976721133083005e-01
-1.157610078728969816e+00
-1.082707466277385011e+00
-1.095880799383417870e+00
-9.891789890471963664e-01
-1.350897017047243853e+00
-1.012410021101830093e+00
-1.158027549715819227e+00
-1.218496519333375439e+00
-2.498045142628552706e-01
4.970358199816285460e-01
4.602080588932779825e-01
5.966807928441347775e-01
5.238655441060788842e-01
6.750566263609691919e-01
-1.857584682812590537e-01
-8.129378359246147712e-01
-6.031996200666746022e-01
2.245327644546641355e-01
5.027758107536278720e-01
4.542108343306858198e-01
-1.026164593831099037e+00
9.642161414232230943e-02
2.812000567062586387e-01
3.822656883462631772e-01
7.074026751586193207e-01
6.801402645778478195e-01
8.144416579330117090e-01
7.038443456525300679e-01
7.448029386178185440e-01
6.948968337060591471e-01
5.868163985581922315e-01
6.819665025595572638e-01
5.768458084226548710e-01
5.894585819236134450e-01
-7.046006987965762747e-01
-1.241454263583767620e-01
2.548596009623440573e-01
4.007122483649101508e-01
3.519577439111901129e-01
-8.487916949217710894e-01
-1.189991648548889280e+00
-1.010306906401097882e+00
-1.054821893153172763e+00
-7.957206104866917373e-01
-7.290511008647950764e-01
-4.075431518433744182e-01
-7.634289872048928283e-01
-7.106144878625232364e-01
-7.601945071382645303e-01
-7.319489844663884526e-01
-9.452799195449653746e-01
-3.102581210848080473e-01
1.161575161724771321e-01
-1.710435298024468309e-01
4.170490448473290757e-01
5.376347630136784073e-01
3.652872822723605140e-01
5.321964839064786679e-01
3.986859158528933689e-01
-8.715111768391529123e-01
-4.085517660816700286e-02
-9.469458676505290162e-01
-1.126776105224250868e+00
-1.234040648278552865e+00
-7.380038910668822449e-01
-1.212757033730602618e+00
1.940923237653722697e-02
5.332485081573539176e-01
6.019943850244832140e-01
4.885452659723125701e-01
4.533766091876493265e-01
5.918899396677251845e-01
-1.047509665559231834e-01
5.652940024527367546e-01
3.810286108123495108e-01
3.868958818611884648e-02
-8.508626373732898207e-01
-4.737176692083700513e-01
1.422260686872118818e-01
-4.947598830303357453e-01
-1.310980565178634594e+00
-6.896565680743875770e-01
-9.586057396708064227e-01
-3.096814083141470886e-01
4.534506317163479738e-01
7.802186182866759356e-01
6.156872149711829501e-01
2.673518122575357925e-01
-8.789693905845985533e-01
-5.028513152026938826e-01
4.858696431964327211e-01
-1.565177986686014655e-01
-1.196008396977607413e+00
-2.902918370928462277e-01
-6.469582046370382644e-02
-8.794333043530485616e-01
1.084799912553455481e-01
-8.204917170216856348e-02
-9.843563852247403378e-01
-1.458595341239285137e+00
-1.605342352013530594e+00
-1.069425961773785128e+00
-8.815686377150920849e-01
-1.043171302197629213e+00
-8.362112901416606237e-01
-8.274620708766471378e-01
-8.165651360742596232e-01
-7.924097318089745601e-01
-8.447158071336147156e-01
-7.358269686802210163e-01
-9.437725829039128600e-01
-6.440165144386079676e-01
-7.443948973830383231e-01
-6.204200374016290986e-01
-5.683958594976458167e-01
-5.692762738906946840e-01
-7.549967865586606486e-01
-6.838491102779913344e-01
-7.670044491780579898e-01
-1.224150981635145907e+00
-6.909848515760568244e-01
-8.419691955847988796e-01
-9.512447407773017005e-01
-7.336750332113274320e-01
-1.052456590281722226e+00
-9.119863744894888269e-01
-7.481937443061716930e-01
-1.324425950737508940e-02
2.806187837999811197e-01
2.291418433759135342e-01
1.925857751177489918e-01
1.148302144942275060e-01
-6.817226441023984673e-01
-7.715068850397958089e-01
-6.198249481534168215e-01
-9.055250820954028335e-01
-8.058200915838084066e-01
-3.401072048820519278e-01
-1.422259261287897869e-01
-3.688767370341832219e-01
-7.588444514451241352e-01
-9.055877296893798389e-01
-1.103319752147394972e+00
-1.250522549366230196e+00
-1.142648481050828391e+00
-1.193797320301928311e+00
-1.231472502893448340e+00
