2.784839283021064427e-01
1.818869343635578784e-01
-1.119971866820988343e-01
7.116439293607119965e-02
2.734563088847244972e-01
1.780790414347274420e-01
-1.585630971438365400e-01
6.002437071149199083e-02
-5.414405344946690568e-02
2.454942732869976330e-01
-6.216565363659082299e-01
-7.788210421052573773e-01
-2.998410580104194922e-01
1.560861215686207004e-01
-1.680309050388429648e-01
1.702207641256540116e-01
4.364333237726715220e-01
4.086515241668561838e-01
3.019841681863192906e-01
5.941084278980145461e-01
5.725044159359335971e-01
4.659704276441730131e-01
6.108579649433099057e-01
6.482625791914246038e-01
7.377834528449765950e-01
6.632521622900751090e-01
8.207677422234870290e-01
4.048400773150834797e-01
3.795594756691159088e-01
2.626718261296984713e-01
8.477332468827315781e-02
4.395652060729191568e-01
4.764829207816737022e-01
5.503808642461183176e-01
5.231660560178804653e-01
3.208527456395561250e-01
5.701715897699554114e-01
3.303888162253021954e-01
3.804863552715225805e-01
4.476235495476389992e-01
4.901805231007860253e-01
7.924429676992190696e-01
6.176514790445005731e-01
2.885302083106665583e-01
3.254323313114486083e-01
-5.009674464468857891e-02
3.136986794392090383e-01
4.115708770295529728e-01
4.699684493186122025e-01
3.910715247095734592e-01
2.491830665062238770e-01
2.240245116689635885e-01
-7.302455685890354986e-02
3.357447619347711520e-01
8.122995260071266821e-02
2.591975670676375798e-01
2.602609626221661365e-01
3.249904900370353261e-02
5.944390385184959991e-01
6.614525765479346564e-01
6.166840744543480302e-01
1.518586020299673642e-02
-7.293622511556532850e-02
-7.445815323358796756e-02
1.435507509581969710e-01
-1.943209042155757960e-01
-1.016153285431460607e-01
-2.593957122017030437e-01
-4.284943585376573272e-01
-4.342656385344145775e-01
-9.372406861116472365e-02
-2.668266858571308742e-01
-5.951663301825380059e-02
-1.235933851301216496e-01
4.165578737630625250e-01
-2.357563390387515390e-01
1.106185102258529090e-01
5.069441017022828788e-01
6.684831825342163469e-01
4.948041337682667073e-01
5.963080724214724349e-01
7.344834430512666712e-01
6.515968076013294308e-01
3.573186679725399162e-01
7.353233271397427995e-01
9.123282978921132269e-01
1.003044980613167159e+00
9.018507685420530384e-01
8.458809637151020189e-01
9.397447967101280053e-01
9.937543622043222280e-01
8.264498501119247331e-01
6.931202808977195984e-01
7.835126414507282977e-01
2.909794576288254192e-02
2.732017199125486573e-01
4.781498645328564057e-01
5.219488243292506047e-01
5.595576973616205319e-01
4.854793715062858950e-01
6.452163930569025929e-01
7.001618814983509020e-01
8.004848431760148708e-01
5.475563779899139671e-01
6.475744129578874242e-01
7.629150702155280683e-01
9.422704611004125708e-01
9.413011843452296912e-01
9.560947923627896028e-01
8.207387099159531019e-01
8.378256002576424111e-01
7.754825524626393074e-01
9.667691216246132591e-01
-2.985809739378149086e-01
-6.379787540793590006e-01
-5.853058403135098509e-01
-4.584495176788896953e-01
-3.364398660115942019e-01
-1.641785622190097549e-01
6.433470428247595185e-02
2.478431485781670274e-01
-6.221890948374428354e-02
-2.987632883400557771e-01
1.740949099777908404e-01
7.530027670819669505e-02
1.820550655062978529e-01
4.089451508727039442e-01
5.819075704572168606e-01
7.667005850437945691e-01
4.931900173964557932e-01
8.853435098417858917e-01
1.089765383360419504e+00
9.916010158698241872e-01
9.768633668821367078e-01
9.496945849933757788e-01
1.165906537995190506e+00
7.304223336334600969e-01
7.357562965691529788e-01
1.122120875144684948e+00
7.301157107901246057e-01
9.481092698912987338e-01
-9.672467276581087070e-01
-1.155556427193960900e+00
3.730729146151643971e-01
7.089914242785113618e-01
-1.193500169079408924e+00
5.872985735326045065e-01
3.497732245242805016e-01
6.439285660906475250e-01
-2.062009092959320000e+00
-2.354632521762731745e+00
-1.338596660811874450e+00
-1.072238406897284113e+00
-1.774568095174201332e+00
-1.323576281891074569e+00
-1.596873625466404656e+00
-2.033384113046256658e+00
-1.565714743309390533e+00
-1.484002415409173548e+00
-1.520306930340558527e+00
-2.335024427803737535e+00
-1.665236192667042259e+00
-5.373614459964020096e-01
-8.773540831533058193e-02
-2.301136544627526981e-01
1.428655730615831787e-01
5.131375497566772470e-01
4.956645577895257837e-01
7.696417247259660366e-01
7.869223088963549495e-01
1.008410820473155445e+00
7.864684212104999794e-01
5.538571457062405612e-01
1.051045588535970632e+00
1.127001167071062016e+00
8.859221350713940568e-01
8.320729276598396451e-01
1.131418144906032985e+00
5.158451625806382834e-01
9.911425517409742092e-01
7.276520428560711018e-01
1.030278509131720366e+00
1.079047554714871238e+00
-1.123414396570036333e-01
6.936583475643596230e-01
7.326931557523093108e-01
7.802245396355741436e-01
6.508667185349779893e-02
5.840594965642229575e-01
4.562642830855951903e-01
5.770273512570068819e-01
8.013782713387933576e-01
6.959342844202828227e-01
4.642767554724646639e-01
5.712338473696090269e-01
2.255651260960206406e-01
-3.585046580179936798e-02
2.645839638732565557e-01
-8.677412236714054927e-01
4.456589810673935309e-02
-2.848017072258504090e-01
6.526330304501107293e-02
2.357387703177770411e-01
-4.586868170467115480e-01
-4.840882438267352095e-01
-8.376793379088526281e-02
-2.702816147427817284e-01
-1.597940556617354624e-01
-3.903076672557145854e-01
-5.539983574490300322e-01
-1.593890876089902431e+00
-1.092963357566508309e+00
-2.150409904084558121e-01
1.268336809044297853e-01
-1.445348820370561949e-01
2.597776617649718567e-01
3.002692613594565851e-01
2.924760985510076461e-01
3.637751245382799814e-01
3.455668006140634185e-01
6.070072998631590444e-01
8.724207335291584986e-01
-1.739420892087466530e-01
-2.181717740847809672e+00
-5.091629989277676183e-01
5.771487659413666593e-01
3.385014971536942641e-01
7.560366986464884809e-01
4.159693117177002408e-01
-1.298742486690737143e-02
-1.592990143968976702e-01
-1.184261083571897855e+00
-2.129701584076020726e+00
-1.597252780990958687e+00
-9.167021657970032544e-01
-6.632579265153119019e-01
-8.691048734661748210e-01
-9.283456283954727439e-02
1.982955745740118056e-02
6.672840623892045686e-02
3.486782678961021231e-01
3.266468525588141492e-01
-5.491889656890492910e-01
-1.619359425459721891e+00
-1.915557816734365648e+00
-1.104914319158228686e+00
-7.919011662311342681e-01
-3.285095144810120105e-01
-6.224853473364941880e-01
-3.162849720306900037e-01
3.091407318830704520e-01
5.798247721957229261e-01
7.783978370738924013e-02
2.486894983069190823e-01
-9.208856241175731316e-01
-9.194031175662459310e-02
1.410132478687190216e-01
4.595467014710667986e-01
-4.489693743484381994e-01
1.126302287678542097e-01
2.857328024764810848e-01
4.252106120906918862e-01
7.348959817575475562e-01
1.980330157839305105e-01
-1.626698117469281557e-01
9.152422062842024975e-01
1.050687115953668593e+00
5.324109017076927852e-01
4.818868868508357495e-01
-4.844835295492022631e-02
5.403406317866654707e-01
-8.638271078476837672e-02
9.861696995950426647e-02
-2.783410337734253375e-03
-2.544142954320792183e-01
-5.081829732004122802e-01
7.757178582370309085e-03
-4.810942398619114657e-01
-7.117126284471610997e-01
-9.102051468077299035e-01
-3.558296488149942371e-01
-7.898813186919099172e-01
-7.507232047477930825e-01
-9.000060838633895388e-01
-5.703631378316846856e-01
-9.762536944334629929e-01
-4.698687091356120726e-01
-2.116447140953938433e-01
1.845875284773223698e-02
-1.203702152958854965e+00
-3.722729995384027046e-01
-5.311301020582722687e-01
1.528702899819203431e-01
5.839213498147733938e-01
1.043043181020503196e-01
3.185200523617902069e-01
3.758360281334402475e-01
7.598034757916942716e-01
8.550245085167709203e-01
8.652440473832817558e-01
3.691287632976010258e-01
6.437594864549693874e-01
1.079969106712902749e-01
-7.890105416088126766e-01
-1.426651196810482025e+00
-2.104758125281746217e+00
-1.242264730832113528e+00
-2.366137908134642309e+00
-4.885200955730628070e-01
-2.511125124703675215e+00
-1.686038873831902318e+00
-5.281100414349263472e-01
-6.989415537868020056e-01
-2.886610475741285819e-01
1.505636449167264135e-01
2.404348997435864499e-01
4.576376219187121008e-01
5.074875939569045702e-01
5.161320750447001560e-01
3.432048872300985654e-01
1.139111193106015357e-01
2.099397735229988904e-01
5.794494785961277206e-01
6.735603039765506450e-01
8.983677648911364555e-01
3.462816387097544801e-01
-2.085193820028191425e+00
-5.898594657575803035e-01
-1.736106053691992279e-01
-2.285702632104968490e+00
-4.309702090941625596e-01
-1.556467332966332551e-01
-5.339240542478457946e-02
-9.066749861436253222e-02
-1.412771991148342177e-01
-4.237612920623116120e-01
3.805525501851354884e-03
2.144949680053367946e-01
3.491583558140147203e-01
1.691852613454979115e-01
1.726179179014404874e-01
1.426268240462705006e-01
5.457560483986476640e-01
8.133044492890302291e-01
4.099495635993018472e-01
7.490616431136610798e-01
8.437129460155727845e-01
3.702429878682370612e-01
5.633485945113713145e-01
3.699520736108887764e-01
2.606575759620033961e-01
-9.040871151324995914e-02
3.266619386976030159e-01
5.453350248767873110e-01
-8.158287847599449139e-01
-4.370065149611622735e-01
7.544275274160228140e-02
-5.335987648422012564e-01
-1.980848031488427474e-01
7.331107969858748907e-01
8.519246667353148617e-01
-5.157446599808607202e-01
8.179748759098619260e-02
5.666081416026805817e-01
2.489291111418541202e-01
7.697085737966051777e-01
7.175278439714223300e-01
4.347762586848691879e-01
3.335137805360484375e-02
7.118382756376641085e-01
1.417579447771648571e+00
2.394529835501575943e-01
4.752805736271684123e-01
7.992179313886373926e-01
7.872966387165282187e-01
9.128798473129809965e-01
7.727355917209731695e-01
1.021924631016219776e+00
8.345181821958843615e-01
1.304322402636438338e-01
-3.707225952389255341e-01
2.705609961093763394e-01
5.844492504535888644e-01
7.157652576764406138e-01
7.905562432843541432e-01
2.642057523120426854e-01
7.164349830955474285e-01
9.584927746818340255e-01
7.375180231246372120e-01
8.052033000101603832e-01
8.104264941344072604e-01
3.777061018305595264e-01
5.412844517931491017e-01
4.889490549375695716e-01
7.120384285039449423e-01
-4.234472809322986642e-01
3.241511344471195710e-01
6.960723393651347957e-01
6.772584548299634966e-01
5.035846073566925263e-01
5.643217422456650589e-02
-8.242020706292915166e-01
-2.578589988000424271e-01
2.801114504298821695e-01
5.736702275498122283e-01
-3.042987301681197021e-01
5.177103412811025901e-02
-5.748016610952524919e-02
-1.958495222027845928e-01
-1.759479284689926093e+00
-1.475500444426756097e+00
-5.004443616834127750e-01
-1.076870567579190502e-01
2.970695083080972521e-01
2.446296611472393787e-02
-3.479703814803677409e-01
-2.875689001180853355e-01
-9.721218000272985327e-02
-3.443824256246715843e-01
-1.871781380811172513e+00
-3.553404740646028959e-01
7.074797586994205356e-02
4.660891789218928397e-03
-1.468083382460827480e+00
-1.302651376306407593e+00
-1.454464061637161798e+00
-1.074725018503552398e+00
-7.628191283997142191e-01
-6.309013585816657388e-01
-1.112515680609559299e+00
-1.618352621425230398e+00
-1.955718868948680411e+00
-1.828210548028580407e+00
-7.351761549358526437e-01
-3.200361563624289363e-01
-1.023389309792393786e-01
-1.648608318320082256e-01
-2.705108214527020549e-01
-7.041244924318003084e-01
-5.095309914704593268e-01
8.720655734722476682e-02
-7.084168856002740489e-01
-6.740585410701263047e-01
-1.920921444914605591e-01
-4.063795070330112474e-02
5.801606496335331986e-01
3.085353583260179722e-01
-5.955619621203245284e-01
-7.242306779480281453e-02
4.147310125735305664e-01
6.254169388835417731e-01
8.399667380193417410e-01
9.404362459382634709e-01
8.545465929365176905e-01
9.467906319347492161e-01
8.709626169953693653e-01
4.421850374482066415e-01
6.282893496800270317e-01
4.130111232512431729e-01
3.031045111690519045e-01
-1.421982920516753346e+00
-2.038386354080959251e+00
-1.325662858558452895e+00
-1.360995370706034713e+00
-1.965796710093733024e+00
-1.122963124263280488e+00
-3.264893223543939849e-01
-8.658058135461581539e-01
-6.532762897775422628e-01
-6.433436506480485484e-01
-6.630438575149240066e-01
-2.255387363941809831e+00
-1.424344525415903062e+00
-7.003705531140519414e-01
-2.801485301678159345e-01
-2.529682820899765150e-01
-1.529727245972450689e+00
-1.310910646192337659e+00
-1.006408607920096676e+00
-1.283652061566951108e+00
-1.255912215265712950e+00
-9.387265907843214130e-01
-1.305093318529144675e+00
-2.078829350710539092e+00
-1.249514944700991670e+00
7.739890916182343150e-02
2.889932718407979828e-01
4.930938740405859527e-02
-2.466234951169219980e-01
3.178857155514596133e-01
-2.676994496289433756e-01
6.607003997579377619e-02
5.906341330185079785e-01
4.751530868173475253e-01
4.162079646787771869e-01
6.628271424205355311e-01
3.661535382071315348e-01
5.774207736293075488e-01
5.156245327349744390e-01
4.615370544040279799e-01
6.607290041931421776e-01
2.073331764635643060e-01
-1.615288156925032359e+00
-7.389566895828133530e-01
-3.677888083004237640e-01
6.791675673009361924e-02
5.653320844785886257e-02
-1.102374127487283584e+00
-6.156704396929275624e-01
3.799807757159590627e-01
-1.647549403655040601e-01
6.543893961682943905e-01
7.969956002866456224e-01
-3.433707691013473395e-01
5.730676782542063474e-01
6.934195022739001457e-01
8.743541471809106458e-01
1.031454561882875209e+00
1.069528832977863830e+00
9.225323558178011307e-01
7.906176086386048629e-01
8.372097027958221860e-01
4.829665316413574994e-01
-3.261184351590589725e-01
-1.722249454338731889e+00
-1.072930924126223484e+00
1.659586744967486982e-01
6.323416668336925284e-01
-1.876224865585989221e+00
-9.040025613144073713e-01
-5.576583557417201797e-01
1.070671516416402819e-02
3.558946385509487165e-01
4.047651603745209270e-01
-1.892474624113435810e+00
-2.270468778084492989e+00
-6.286896712838588863e-01
-1.864237268529623792e+00
-1.149345119864864095e+00
-1.783818674280645000e+00
-2.405408795557433699e+00
-1.033643196585704471e+00
-6.899344404599525582e-01
-1.110653799056597890e+00
-3.682596002754529030e-01
2.516106641544545997e-01
2.316906909832951167e-01
-2.381344211463500837e-01
2.150955494994362116e-01
4.595000032000915446e-01
-1.658346875550231525e+00
-5.810665718075120889e-01
-2.827518138832254557e-01
-5.412631672342678169e-01
-6.122790267219655469e-01
-1.667655457335597502e+00
-2.266142337435776088e+00
-1.674974490963791363e+00
-9.852074894724859311e-01
-8.935139701765507647e-01
-3.529442079495809237e-01
-2.956440137712161853e-01
-1.887847106073181846e+00
-1.639927290044460362e+00
-3.773764035249876359e-01
-1.631924783281732960e-01
1.284472880267598649e-01
3.112320826145149599e-01
-2.799807265538371559e-01
-1.150803514270898997e+00
-9.593521786568902643e-01
3.488053100047798505e-02
3.884598985354433820e-01
1.422963015346703775e-01
3.374175717440994759e-01
-3.356122716569370779e-01
1.102221924327762836e-01
-5.688812574056721638e-02
5.703079882806006556e-02
-1.220446543116517346e-01
-5.479418054554162643e-01
-1.095061841229419075e+00
-1.432137292468339096e+00
-2.242426467003982182e+00
-2.199584725522226947e+00
-1.272043908365435572e+00
-6.932130502788396154e-01
-1.225802520117756034e+00
-1.702604166411485931e+00
-1.369810941312769703e+00
-1.581065194756217318e+00
-1.828392069505143214e+00
-1.316982411848568679e+00
-1.432755467044982245e+00
-1.427690962526846130e+00
-8.110291043679383749e-02
-1.189426382706898710e+00
-3.413950054778622789e-01
-1.960175290627554356e-01
-1.034286881137976399e+00
1.262966461122888018e-01
-9.071083616570493890e-02
4.019443754445558015e-01
7.641398388472812053e-01
8.186976413232914807e-01
3.016034854180887903e-01
-6.366444537241833235e-02
-1.320279235450327882e+00
-3.348048414401979533e-01
6.828256458029938192e-02
2.556081818204190559e-01
1.824689650194151469e-01
-4.819014445626044751e-01
-8.621350553807026751e-01
-1.984769824396707572e+00
-1.061521775415565694e+00
-1.324561531888353683e+00
-1.245508318427673178e+00
-1.095002156972623597e+00
-1.594729112821111627e+00
-1.857437587731533002e+00
-2.360156974490414949e+00
-1.382930472302652980e+00
-8.773777364679581359e-01
-8.850215085680769311e-01
-1.827142498819983141e+00
-1.182533315793420581e+00
-1.985136169863203515e+00
-1.644728362500344154e+00
-1.988627393714738290e+00
-9.376571148124139832e-01
-8.901335487618925457e-01
-8.871162639397978111e-01
-8.356720940159613198e-01
-1.581440001688383168e+00
-4.109258221197874539e-01
8.085827440134005228e-02
4.139838832039627325e-01
4.353929104688821772e-01
3.137528496506672426e-01
3.715700401516736640e-01
3.324387109484113201e-01
2.239754012608054234e-01
4.035843880176154252e-01
-5.567052345231617849e-01
-2.273933849849373523e+00
-1.521970315575268851e+00
-7.653595561078871956e-01
-1.384670988395733104e+00
-1.014474568622963702e+00
-9.559119173350815180e-01
-5.983796846071289810e-01
-1.140407008044774573e+00
-1.144697641574726754e+00
-8.541473852440586434e-01
-1.386408233147317537e+00
-1.977317939020969639e+00
-1.902711551084432573e+00
-1.694431449442441062e+00
-5.135908740151911012e-01
-4.124949335405044271e-01
2.306767813400913483e-02
-1.770342601184271836e-01
1.130993713195848765e-01
2.398448134437441703e-01
-5.285032918568912663e-01
3.658744233375620797e-02
-8.823133959182220820e-02
4.619941788933140669e-01
1.629336523559584415e-01
5.930706976421682430e-01
-1.322469110760919435e-02
5.202363959065103849e-01
5.874161128365290585e-01
2.519223559656378481e-02
2.691933468522526574e-01
4.035065521540138755e-01
4.933838042395355394e-01
-4.784463446684244503e-01
-4.929767999408223023e-02
2.109805812849792073e-01
3.812144894962917752e-01
4.565048894036066729e-01
5.838172738528573102e-01
1.911989908351154344e-01
-1.808530842033785613e-01
-3.038374011967202026e-01
-1.875365995200376779e-01
-1.534333105657652574e-01
-2.588439573046807385e-01
3.475512830564604361e-01
4.552636406331597163e-01
-3.300600557733437967e-01
-6.589167997415179556e-01
-1.902167427116979281e+00
-1.983287966959571269e-01
-3.849159822985357970e-01
8.632745697431977450e-02
1.624689062539004525e-01
2.104157119243427881e-02
-6.230203593468545131e-01
-7.299383126837512004e-01
-7.885223767515674442e-01
-1.694815399334185235e-01
-3.730977115127629973e-01
-3.266126833923441164e-02
2.050419966742729749e-01
4.348939461089902370e-01
3.834463920435043360e-01
3.602004081840914362e-01
4.044278092412343373e-01
2.393188575080837932e-01
2.697222104188867209e-01
4.192282776786325493e-02
2.712993432429955942e-01
3.138312114176378675e-01
4.121978288797712442e-01
2.155228598600043843e-01
-1.386779882154561550e-01
2.654915997342472411e-01
3.914179828604039124e-01
2.641124993261880771e-01
2.130769031547283254e-01
6.960193345021493949e-02
4.561720190988723389e-01
-1.563068730121971450e-01
3.936037615828583830e-02
2.677057693066486332e-01
1.878472254507453088e-01
-9.853444767621494238e-01
-2.304084079706819610e-01
-2.668287485099802847e-01
-2.782369849651445044e-04
4.731399012265882081e-02
8.255542087710145138e-02
1.095215156520764066e-01
8.524905957798332989e-02
-7.561672212822405370e-02
-2.439759505546487683e-01
-3.644283662319539041e-01
-1.799214164384221604e-01
-1.155549961052293462e+00
-9.133727037490947664e-02
5.051975586235333271e-01
3.672661904967269297e-01
-4.247184070840482883e-01
-3.058337595588398461e-01
-7.156546065160626080e-01
-3.348489474402895905e-01
-5.758811695424437965e-02
2.094729282581930807e-01
2.939189476872904397e-02
2.283926222148125740e-01
-3.466168492680421487e-01
-2.214644748802014451e+00
-1.797283285546273035e+00
-5.896544290753018558e-01
7.508970321529752356e-02
3.964735597790056132e-02
3.263420495382884923e-01
6.121949940145688523e-02
-1.346803323773791694e-01
-1.393240204686583550e-01
3.533040150090808323e-02
1.908963838709429595e-01
1.220192567873403244e-01
-6.239263763867979318e-01
-1.265751791763333856e+00
-2.548193480560332902e-01
-2.792682927576613516e-01
1.117493944329455563e-01
5.694267061538247493e-02
-2.291087390249604561e-01
1.123640153920734200e-03
-4.296623455910828643e-02
-2.036227391249556984e+00
-2.195300513181607460e+00
-1.699157895408154983e+00
-2.878482705994136470e-01
-1.423302164476807075e-01
-3.733668611920710756e-01
2.242148739069181607e-01
4.145132891882524206e-01
4.810852767763199034e-01
1.702522976272694555e-01
-3.832010761008385336e-01
-5.259245889159629428e-01
-2.160310950546912856e-01
-7.379738067694677772e-01
-1.666591451467467344e+00
-1.058340733399520062e+00
-1.012621863371037989e+00
-1.116552423745966305e+00
-1.113114503367293562e+00
-1.824628801411783741e+00
-1.477474596713392208e+00
-1.477825683326478234e+00
-2.227037680650177709e+00
-1.429296584766582612e+00
-3.904023015928123619e-01
6.858280641021424762e-02
1.293935778245397517e-01
2.738166187863578793e-01
2.464756187160260237e-01
1.842984337561785757e-01
-6.712845097441786368e-01
-6.980666836849854784e-01
-1.144088803383191549e-01
-9.667621011501287276e-02
-2.399175738216409448e-01
-1.252842930548004885e+00
-1.071244461003417081e+00
-8.133681811997246769e-02
2.108550310654512538e-01
4.889239606122958159e-01
4.890131457455123565e-01
3.719887097378768437e-01
5.787265739672832199e-01
7.576996703523833920e-01
9.355544439318715932e-01
7.399579754174054891e-01
4.443523321838078743e-01
7.323181139113954519e-01
7.390251509664435003e-01
7.996334693681965700e-01
6.032306925609634551e-02
4.345656361288970371e-01
5.260999364674049383e-01
5.601080190454357233e-01
4.295204085691080587e-01
4.026672347694691401e-01
2.516553708916632326e-01
4.649435729757490643e-01
4.348376354768557772e-01
1.892807600403164647e-01
4.898512729604967419e-01
-8.930860861588984720e-03
2.105529530979236563e-01
3.048851526146713065e-01
3.676000735694344435e-02
3.993600490525940350e-01
5.638858877443992945e-01
5.302149319194533472e-01
1.233391979210268358e-01
-2.813932806657778452e-01
-4.415883104670248471e-02
-6.162411892614054754e-01
-1.276382117942409078e+00
-2.088510449713519623e+00
-1.193408793283392777e+00
-1.075220929699625794e+00
-1.496388127452447092e+00
-2.238992799874060857e+00
-8.882141535578648162e-01
5.498334316962122034e-03
-1.497062621444476271e-01
2.173571434691168869e-01
3.098060007676359251e-01
3.152806395485511781e-01
2.828404539758673786e-01
-9.307303410186869019e-01
-8.552382352647396324e-01
-9.710159542720205039e-02
-1.634986936478571018e-01
-1.000835681044130038e-01
-8.177928230872346521e-03
-5.015288007162039818e-01
3.792940810862899248e-02
1.077998505517954730e-01
-8.037512699807213279e-01
-1.906315711354619191e+00
-1.091527364543168233e+00
2.687831723272900430e-01
1.323789088818380644e-01
2.678538327803264285e-01
4.868313191402904860e-01
6.986917922006729009e-01
2.829807751794657933e-01
-1.372913484208662771e+00
-5.157225587980194259e-01
-8.299686939394504415e-02
-1.382965618631538440e+00
-2.995294080332822628e-01
2.063731131803985264e-01
-7.517682279168408366e-02
2.905939446366543888e-01
2.294562889647298876e-01
2.483646200901035717e-01
4.557419059531400696e-01
3.369725647396342172e-01
3.228658495686955177e-01
-1.726869153002189711e-02
4.157641487830993077e-01
8.086275521159556889e-02
1.799605555126079226e-01
-1.672003875457861444e-01
2.040320233442717013e-01
2.770077297378710224e-01
-1.379534035713130047e+00
-1.954257323822339076e+00
-2.339912757434636781e+00
-9.516232913575415342e-01
-1.521057742441239480e+00
-2.030449804323233576e-01
-3.199703502729693838e-01
7.494912265349477909e-02
4.954734543996576653e-03
1.601237339327356013e-01
-1.793916168233362363e-01
5.875572367668700086e-02
1.121310154114913832e-01
1.035566642042531904e-01
-1.001049940103216684e+00
-3.461277045804850849e-01
-3.304808598260217667e-01
-9.763427020981879645e-01
-2.117174732595096476e+00
-9.458024667734110658e-01
-2.130494295233894830e-01
-7.731344113307945243e-01
-5.129266329251375156e-01
-1.754012220707106495e+00
-2.108549645025097785e+00
-1.527723966667235977e+00
-3.669507721519665311e-01
-3.241311619647242459e-01
-1.652865807782417096e-01
-1.792987947256299008e-01
-8.768724322249629721e-02
-1.221590123619133578e-01
1.496796360692648035e-02
6.192014556593251201e-02
1.357583438435182865e-01
-1.044050331267240672e+00
-4.183420671400312485e-01
1.631034626461438930e-01
1.488745330271477596e-01
2.930374373958457013e-01
-1.501760551096380791e-01
-2.333006585934591925e-01
-2.151299551690013800e-01
-3.154330231911751659e-01
-1.977998635480049672e-01
-1.364494867020119295e-01
-3.155130090796784414e-01
-5.786331847034835718e-01
-7.519735970746682652e-02
-1.685565510446822290e-01
3.891025045424265083e-01
7.508581120595937408e-01
6.920927187732118790e-01
7.294027816755153104e-01
6.717299633080385801e-01
7.572278922416418867e-01
5.440435604561891791e-01
1.472732596464765842e-01
1.085968050506936899e-01
2.345790873992574521e-01
-3.213844789230552168e-01
2.654638078734631867e-01
1.843274389169292926e-01
2.974413952922076998e-01
5.677231883589294315e-01
6.511358251513540418e-01
-1.437375701634883596e+00
-1.724937105379633628e+00
-1.084824666459863196e-01
-1.244228677610738076e+00
-1.292636912704049346e+00
-4.099052642716971007e-01
-7.213589913349963689e-01
-4.373962010705694237e-01
-1.096389589995922925e-01
-7.437166053772181762e-02
-1.768249104226718715e-01
-2.917767952713910540e-01
-5.144579607111914310e-01
2.211073705963135724e-02
-9.169389860913917945e-01
-1.863776021079353917e+00
-1.524828135967432496e+00
-1.077199597196017988e-01
2.360336644498131076e-01
2.204489911968219862e-01
3.902073449569207764e-01
4.455859580485869165e-01
5.903655022317887413e-01
5.427506271951606509e-01
-1.432944893138852760e-01
-1.160103177297165722e+00
-1.441625409453086426e-01
4.179913016851966590e-01
3.510513984025559475e-01
2.512269356327090919e-01
-5.760754667892493686e-01
-8.726796713077029921e-02
-1.733922584395899691e-01
2.500302629040311309e-01
5.219331793923565055e-01
2.107757085878444459e-01
5.039160718689896790e-01
3.715832672335910858e-01
2.520298601998411936e-01
-2.700254181016725763e-01
-2.533033467843687214e-01
-1.270830625822497173e-01
-7.271905611689243043e-02
1.409903820656591700e-01
1.838919012277512310e-01
4.747127479826650509e-01
2.037813037705554498e-01
5.600149093536104239e-01
7.258931341046899188e-01
1.014543075593808075e+00
8.016027568967803996e-01
9.988899139258957671e-01
1.024603903491354329e+00
-4.836591750647171728e-01
6.262640811649302641e-01
5.067711923292104181e-01
6.400109035489458531e-01
1.401392970155634632e-01
1.144862980659861612e-01
3.566837580982826217e-01
1.506238545377008575e-01
-2.462477768641278542e-01
-3.287772613800205579e-01
-6.484217967952456141e-02
-2.287899790452859516e+00
-1.744698428031227211e+00
-4.013736373134387247e-01
-3.243627786478568975e-01
1.217897786848943648e-01
3.838099395336565522e-01
4.280885956632788369e-01
-8.273903516507258304e-01
-2.102525012581733410e+00
-7.955506379460308697e-01
-1.242331035043179321e+00
-1.495162867428042830e+00
-4.854991243211989049e-01
7.311521387091485247e-02
4.674522386783096506e-01
2.419334305415818120e-01
6.895617997917964648e-02
-7.372641973164180129e-01
-1.907922212321868094e-01
1.704754218404877508e-01
1.084811344155075796e-01
1.181089242608579365e-01
3.828979216504378447e-01
6.026237655575242824e-01
2.593317255942565458e-01
-3.417226758197551284e-01
4.570957843176731705e-02
-1.168453101942432459e+00
-4.824535980737704177e-02
1.833213248660826300e-01
-2.610936351969981306e-01
-7.864493138915960024e-01
1.548890748217595925e-01
3.137286922617678053e-01
1.114597563494610644e-01
-6.929620073140380088e-01
-1.156055790909388259e+00
3.954461007226390823e-01
6.556075056014472047e-01
-6.225909835302524398e-01
-6.459776656170552744e-01
-1.774767400804916828e-03
3.954731595976641034e-01
6.308705541458061727e-01
3.264309949417055767e-01
-7.762188884944337675e-01
-3.438719421046138591e-01
-1.292994363152838722e-01
-2.864511506921944561e-01
-1.526308314436626956e+00
-3.455881136820496136e-01
-3.943255255090942768e-01
1.267162130072031490e-01
-2.595080446659944057e-02
-5.720466334561087329e-01
-6.751082379729589356e-01
-3.563876359503075353e-01
3.560203298915709524e-01
3.368142585288756985e-01
3.781028841889840786e-01
6.926289512119562231e-01
1.063632705230597608e+00
-3.467985721089557050e-01
3.217286694968997107e-01
-6.448734558818345342e-01
9.383091496789243424e-02
-4.546452235965456889e-01
6.086158580607681223e-01
2.484789395616681384e-01
-6.646628242368498585e-01
9.708221668602221022e-02
1.637291600281963744e-01
-3.436551213527142077e-03
3.316274014795349001e-01
-2.675570501053908812e-01
6.893379950246676380e-01
8.700733893699645893e-01
-1.281967094882144609e-01
-5.819523918435547394e-01
-9.108294642833649757e-01
-1.138134420827613624e+00
-7.088170901758613640e-01
-7.713632930321970838e-01
-9.840408314820187075e-02
-7.024008612462507781e-03
2.269220317998833503e-01
3.156029724013099114e-01
6.010047539094709110e-03
-4.177248612416917251e-01
2.587820104476771244e-01
1.939899337722655603e-01
-1.392240200034466358e-01
3.403304285948097752e-01
-7.671309125156537678e-02
5.641961500111623007e-01
2.125280189645288934e-02
5.831350548685577673e-01
-3.596542554346920384e-01
-5.380905133808415730e-01
1.103362825691023147e-01
1.162996596988610382e-01
1.733984316816003235e-01
-2.365697945294631954e-01
-2.645968271896484425e-01
-1.251179069581582204e-01
2.746228583832003856e-01
3.552877431189989665e-01
7.304855440743723838e-01
6.423977458268680385e-01
3.433604835425252411e-01
6.614646451532389948e-01
6.092469174950221333e-01
9.735028080936212191e-01
4.662580539518725864e-01
5.915515566672635561e-01
-1.159015702319453167e+00
3.089045412967493433e-03
-8.547519124345868136e-01
-1.413665738190004462e-01
2.576890427029968067e-01
4.079875270410658894e-01
-2.183470077603630599e-01
-5.421656811081371208e-01
-9.535655726034174551e-01
-5.472345090618122576e-01
-1.355654412196825864e-02
-4.092199962540992580e-02
8.848608585524907200e-02
2.043573564308456270e-01
-1.462099124816641782e-01
-1.409997996523946195e-01
2.744274235088472666e-02
1.361799503592844574e-01
-2.415046915069737343e-01
4.733183763584427606e-01
3.110318050529857214e-01
1.000791076926751622e+00
9.789262188299292511e-01
9.555453509740441387e-01
8.948776739548958137e-01
-1.928975905428496063e-01
-4.264098756925312483e-01
-1.610412671360182679e-01
-1.000660333717154626e-01
-1.683637018536862928e-01
4.104531162668924038e-01
5.851415517022617863e-01
8.523904341878659752e-01
9.904790604655079322e-01
8.974758610727195940e-01
8.940333442124307473e-01
3.863645984902854824e-01
7.961317604263870029e-01
7.509318549314051294e-01
5.987663149707579402e-01
2.519399482783035160e-01
3.357622118594482674e-01
1.670325022111729674e-01
2.068742078761879877e-01
4.462303747533206688e-01
-6.651118242755047483e-01
-1.888683008363162552e-01
1.546974236829941618e-01
-5.801793138383212201e-01
-4.117739970649268444e-01
-4.801633591405607970e-01
-2.704990360510364233e-01
-7.827627159433693249e-01
-2.823638783617314907e-01
-8.958482019754102077e-02
1.575490725322644114e-01
1.691261704554496703e-01
-1.691866348738534365e-01
-1.940912911531898766e-01
7.381987117516367047e-02
-3.353469725971423010e-01
-1.279133147677460780e+00
-1.669381616650946754e+00
-1.044179786442888336e+00
-8.494865923814874931e-01
-4.928864728880071322e-01
-3.780097907146828806e-01
-5.145732566053673462e-01
-3.664504397132625768e-01
-3.151087365495004455e-01
-2.365517778682220407e-01
-8.993254766266504940e-02
-4.730716907083846318e-02
1.930580922122634990e-01
-1.669856194238648617e-01
-2.759706634778464826e-02
-1.027609790467033310e-02
-2.709376150235809355e-01
-1.942509125513925405e-01
-6.412296354891965366e-01
3.414397435027403671e-01
4.289381908670645283e-01
4.217169823312671983e-01
5.244060618715967736e-01
4.901354741205931620e-01
1.470023600604996872e-01
4.359836450915386963e-01
3.850305533522578316e-01
6.036290968764767007e-01
7.628483975359402480e-01
3.350275190573367423e-01
4.252473732726401168e-01
4.417452423231149061e-01
2.344542557060290688e-01
-3.837488808695628251e-01
-4.626525110612040859e-01
-3.758867601819035342e-02
-4.031218634703434001e-01
-2.470192569407355931e-01
-9.726187415159862071e-02
-1.026856578099894834e+00
-8.015448429710839706e-01
-1.150371971236757940e+00
-1.266899486986673429e+00
-1.190570476394286592e+00
-1.782895428209891442e+00
-1.666656965781579958e+00
-6.181890116520192269e-01
5.539125847008632975e-02
1.742063269343576970e-01
4.035650847335168212e-01
2.694694324628419402e-01
3.217179428384084883e-01
5.410409072042194900e-01
6.096552683810112505e-01
4.041052066117821751e-01
2.103509404827667018e-01
2.176801613158223514e-01
1.001415039717347411e-01
3.950389663885961467e-01
-2.733473637435662185e-01
-1.264699052162220616e-01
3.845367582701463283e-01
3.337147677602540496e-01
1.574041900842444719e-01
-6.090512687133055048e-01
-3.700781208760031693e-02
3.183361789630879263e-02
4.820588658724463960e-01
5.011475451011013771e-01
6.235244772889445564e-01
6.808886423102977759e-01
5.444740128958645009e-01
4.800768878022581010e-01
6.124290516167341103e-01
5.585483729399823849e-01
2.272768712495838728e-01
-2.496442366249768396e-01
-3.381257720711380865e-02
-6.394543952212705662e-01
-1.657793408838250104e-01
-4.351358254215568766e-01
-1.979152793597712956e-01
-9.290209966031534039e-01
-3.345980702900527848e-01
-4.848500863614786938e-01
-9.430206986786702217e-01
-5.796433483902659889e-01
-1.402668439500724062e+00
-1.974624944150738859e+00
-1.478722561226996079e+00
-1.955299009014191070e+00
-1.541578965355168140e+00
-1.347896994305702201e+00
-2.064954147027960207e+00
-2.063462404445353116e+00
-2.091889867873272024e+00
-2.214613547335023469e+00
-1.665672426730394395e+00
-6.373999950738948872e-01
-1.547738626935205308e-01
-1.586343253963359512e+00
-5.857180709925515760e-01
-1.658039059715730623e+00
-1.682193991479937756e+00
-6.354039768886170503e-01
-2.067102746345464759e+00
-1.225326133303805465e+00
-5.761475371751294539e-01
-1.006332853954288731e-01
-3.400709129407218367e-01
-6.749705369861423998e-01
-4.598547596957676675e-01
-1.280086086844020699e+00
-1.234548759498330872e+00
-8.941194412576670691e-01
-7.183837437685656191e-01
-1.034881725674434039e+00
-5.153254530820228219e-01
-2.508141768448980957e-01
-2.022585399169581910e-01
-1.978618280107958260e-01
-1.877805391791693979e-02
1.943340548029429959e-01
2.715175926610016166e-01
-1.110323744695898562e-01
-1.186899691538834400e-01
-2.813719147065460446e-01
-3.011438407069637613e-01
9.696548387349290810e-03
-1.498958681399668036e-01
-1.865500122314801335e+00
-1.989577566737190217e+00
-1.092709180471409969e+00
-3.999480265423058789e-01
-6.273460486601366570e-01
-5.411916601774473534e-01
1.355932140136052386e-02
3.415096990732117976e-02
1.446958008890512071e-01
2.788937375184595280e-01
1.846448849198131237e-01
-7.934546077281755538e-01
-1.387974942042560222e+00
-4.164841150243207002e-01
-9.624077183012225145e-02
-1.064299277476701722e+00
-1.077321810120788870e+00
-1.305373666399408439e+00
-1.930686919188577821e+00
-2.033593001939809408e+00
-1.176527174679450560e+00
-1.340318064618381877e+00
-1.337865265702501638e+00
-1.022373134871510825e+00
-6.918163194477164879e-01
-3.727098330185973918e-01
-5.869766911412714616e-02
-5.278542320721372194e-01
-6.983337824263610161e-01
-1.250130057308318943e+00
-8.319168102070092496e-01
-1.182245251309487433e+00
-2.324049757897017898e-01
-3.321225492539670587e-01
-8.959673047756062658e-01
-8.781984378383542178e-02
-1.252879841825094598e+00
-3.409022844923873530e-01
1.287639697019138940e-01
-1.086262367859286648e+00
-1.044345098011862261e+00
-7.056043940479393983e-01
-4.473583552220906645e-01
-8.266347810367559168e-01
-1.767765964970607451e+00
-1.044277339060782683e+00
-6.726737426580042811e-01
-8.123952055646218584e-01
-8.973859315198646769e-01
-5.800631634367698908e-01
-1.417028707462277826e+00
-1.701224611967092848e+00
-2.167785254321390909e+00
-7.591486231614534841e-01
-2.309894907630272998e-01
1.781623045319740695e-01
4.271913961324789177e-01
-1.085732594851051558e-01
-1.344502324543987326e+00
-2.058750324114727803e+00
-2.244155976660057839e+00
-2.464948614532084026e+00
-1.803184941685802789e+00
-1.576961972436276671e+00
-1.297835809547185804e+00
-1.627570482325162882e+00
-1.149807542114244630e+00
-1.859164970897440927e+00
-1.208059254242408675e+00
-1.955025137144934311e+00
-1.611053870652652042e+00
-4.804449574868489559e-01
-8.981369373164188596e-02
-3.570905247487939360e-01
-4.038469056487287712e-01
3.135796507669690036e-02
-8.250377255751938366e-01
-3.544290791413490793e-01
-3.525662754307812286e-01
-6.561511541069863229e-01
-1.121591038882408853e+00
-1.246042574954933757e+00
-2.243346003312992831e+00
-2.080103176439193291e+00
-2.175746045441133703e+00
-2.163432745840555782e+00
-1.902309151531220488e+00
-1.170864522525218554e+00
-1.075190930808937573e+00
-7.256942812648887742e-01
-1.167859795570065140e+00
-8.131906557441871408e-01
-3.696334129840386229e-01
-3.998482133495599999e-01
-1.159422980781830370e+00
-1.250913328000784253e+00
-1.584706541530944923e+00
-1.827055270003109300e+00
-8.179450920867666897e-01
-1.246757153476392599e+00
-1.685326388211145998e+00
-1.307937118186864422e+00
-1.832436522924310696e+00
-2.029103168289389192e+00
-1.930211542798015989e+00
-1.522138834194095347e+00
-1.242933189432241958e+00
-1.642258848079729994e+00
-1.973476684119024771e+00
-1.942272119683968068e+00
-9.939033311587022190e-01
-7.457035699174831000e-01
-6.878198751769590835e-01
-1.054554507761538584e+00
-1.676812182145220431e+00
-5.506433162915695956e-01
-4.754983108422293214e-01
-4.274666057967169142e-01
-3.787537362090184767e-01
-3.249362808975274075e-01
-5.475866568103558707e-02
2.175796757425830785e-01
-1.936703697255508783e-01
1.721538712325132447e-01
4.890315406113916463e-01
4.266527663114568769e-01
6.095817894230883827e-01
7.582512094054412177e-01
7.758065759927899041e-01
6.128436242286100510e-01
6.233054982112309350e-01
-2.977647980337769784e-01
2.389903077308763724e-01
-4.340173011135285419e-01
2.058069656123459323e-01
-1.476767949695952098e-01
2.053113458704856550e-02
2.322388028096154244e-01
5.035898452425190408e-01
4.299099379057347847e-01
9.197329478932843305e-02
-1.186803115713760438e-02
-8.757583243653874749e-01
-2.946905286006701319e-01
3.201341690550144614e-01
-1.569259457586920647e-01
1.570076857839299567e-01
-1.721591043170044577e-01
1.711204425341061874e-01
4.250378810193785051e-01
4.677155893884497595e-01
4.435182149132997353e-01
4.914778353834370894e-01
4.979656207650334787e-01
5.420791096734973724e-01
3.101565356009416963e-01
5.130740673265148377e-01
4.689240626290198111e-01
4.398359827531646005e-01
-6.029041592697974572e-01
-1.327333465504484389e+00
-1.684562351285014081e+00
-6.141930078283150962e-01
-8.941635826395679665e-01
-4.967542630482377763e-01
6.251966166901004596e-02
2.297169747768098014e-01
9.458020715851103710e-02
3.445346904429369972e-01
1.567521437005024443e-01
7.371866219600435866e-01
5.651294706655152211e-01
3.677032007205119912e-01
7.624127254339722048e-01
5.132938517074462359e-01
4.909524359338764410e-01
5.917582314458517123e-01
8.733881932039302409e-01
6.392602781420183566e-01
3.565228313932273241e-01
5.356577480845743366e-01
-8.151651575611451594e-01
7.112470691744789131e-02
4.250844158387225291e-01
5.957766770422439073e-01
3.265000776099610258e-01
3.378361143584864834e-01
1.659944999341061711e-01
1.781828404967915613e-01
2.353341389632549741e-01
3.443101594037195623e-01
3.066808445530466165e-01
6.399152674185661915e-01
7.386965391250243096e-01
-2.958867610791259262e-01
3.874463183118893039e-01
-1.343374542869280042e+00
-3.553023889280230163e-01
1.432092479311024291e-01
5.184499222609592062e-01
3.561595193791706193e-01
6.948534732836449956e-01
6.186235251159473147e-01
3.299135260350536530e-02
4.055104669961541175e-01
7.715671392196015166e-01
8.320287215499645450e-01
5.472436110936667042e-01
-2.468514112015462170e-01
-8.660771784922042249e-01
-1.857048614714794876e+00
-1.988559925532843886e+00
-4.363326329139333160e-01
1.997448339126092487e-01
2.666198707378717447e-01
-1.082802020385088992e+00
-2.039302909942596997e+00
-1.893854837570881688e+00
-1.034156492959336315e+00
-9.502118013873400715e-01
-1.212309426245869570e+00
-7.719847906566512652e-01
-1.099902782055026007e+00
-5.332150972448650439e-01
-1.259081347683253804e-01
-3.236105260534617445e-01
-5.618687597139803563e-02
-4.126189409486081920e-03
-7.179383835548460401e-03
1.789038883004722968e-01
-6.169722733312966653e-03
1.597771012519616229e-01
3.389678350462480005e-01
4.062049510066013114e-01
3.735459760196593315e-01
6.505999106380206953e-01
6.990708919940573640e-01
6.252996304033708874e-01
-4.338528515971702970e-01
-2.178366421152647670e-01
-1.714795678524812239e-01
-1.434472297973282684e+00
-1.894859128658574976e+00
-2.339858572118866498e+00
-2.501665477403169469e+00
-1.289837683283163505e+00
-2.305074013650444675e-01
-2.974316135052613649e-02
4.151986767548738327e-02
8.730843525934928184e-02
2.181841179235964878e-01
1.784164746855275985e-01
3.241691287780827935e-01
1.906904456575473361e-01
4.091936674734569235e-01
4.224337327771228168e-01
-9.520695024234804293e-02
-3.808148514301167853e-01
-1.326159332617394382e+00
-1.780586429698674422e+00
-1.911704643077162036e+00
-1.969607286374203348e+00
-1.536137048891495160e+00
-1.322406822115866687e+00
-1.124973580661480010e+00
-1.995220010101171892e+00
-1.211921919982789531e+00
-4.618267436818374594e-01
-3.062779281525981334e-01
1.852008417532216844e-01
-1.258742057856823138e-01
-1.604878326355645146e-01
-1.702207536794403120e-01
-2.990502621173842801e-01
-3.901618819821257023e-01
-1.660693848533928707e-01
1.533746854163097195e-01
3.054408464255017330e-01
3.225862815908168146e-01
-2.315527791064568575e-02
-8.125465138655795228e-01
3.594112622342013341e-01
6.261792643996513252e-01
8.572987367105953105e-01
9.250030285248940221e-01
9.898317449149314218e-01
1.005211408825984476e+00
1.051188626291399197e+00
1.027757773318405343e+00
1.193312834319480320e+00
1.130024211133765943e+00
1.113456947681621845e+00
1.125304994360195376e+00
1.161650430712292570e+00
1.147061638315379106e+00
1.120508168288121942e+00
1.236522614453644087e+00
1.251151777076290106e+00
1.190535086470912995e+00
1.398220767913922691e+00
1.392206947847556275e+00
1.488283558932814943e+00
1.162660886775258140e+00
1.594426208733928041e+00
1.345765270997610896e+00
1.202874495273112965e+00
1.229391406134926479e+00
1.220830698080981769e+00
1.233141569396396742e+00
1.225890358119094081e+00
1.290674704359085823e+00
1.125614298957784642e+00
1.362584993205030015e+00
1.070201423460807266e+00
8.924369439019373962e-01
-7.111110493330657922e-02
-1.595750176383334384e+00
-2.221017494413744409e+00
-1.987918971107108357e+00
-2.191764569615282099e+00
-1.397020175848162071e-01
1.018541723836883794e-01
6.687718443476688146e-02
-1.199718639245863083e-01
8.739956395613278362e-02
2.020130999091662993e-01
2.684239909284955039e-01
4.811519748124407636e-01
-2.562669230729175962e-01
4.110393923436136965e-02
-3.541920994960077174e-01
-1.104909718682779013e-02
2.179084038482611563e-01
-4.960133538477127235e-01
-7.280426241932239639e-01
-1.381079540368470304e-01
6.296002957147637247e-01
7.171177742655905352e-01
1.021185684757498213e-01
4.222448834539480611e-01
4.070005514336842989e-01
8.314328105226639343e-01
8.380074331700714252e-01
9.853775796176165169e-01
1.057069925185843973e+00
4.481437439514753818e-01
9.862060026053681705e-01
1.205311544442040583e+00
1.206024747572258526e+00
8.871022167191725538e-01
7.553218425518680723e-01
8.131437849403374551e-01
1.010923092943030399e+00
8.732987896920587634e-01
8.644281652059990773e-01
1.055256673922018384e+00
1.005454327905905609e+00
9.969492872153656871e-01
1.146096063187916902e+00
1.002305505682571596e+00
3.910056383628731647e-01
7.164328350470341444e-01
9.038746355436536595e-01
-1.377663593755200422e+00
-1.389645348175588602e+00
-1.271354923269282233e+00
-3.762161373118166896e-01
-1.024227382806204290e+00
-2.692562876526458787e-02
1.059916642638864259e-01
4.715014880136518538e-02
6.492837940301993127e-01
6.021224736329677807e-01
8.369093061032724101e-01
1.076288222132495420e+00
1.054431708779944632e+00
6.949272147799091526e-01
5.724862074993680716e-01
4.766694992565381761e-01
-8.905593397962309199e-01
-1.526399621259073136e+00
-2.154672543966310805e+00
-2.000374285747693825e+00
-2.632828785020960294e-01
-1.907219466021508270e+00
-2.010575048621284111e+00
-9.663089465822118918e-01
-9.014769574993350965e-01
-1.736109498040617538e+00
-2.347950466183623242e+00
-1.892231617560491630e+00
-1.059432440308776480e+00
-9.749183247968946642e-01
-3.033993875548139374e-01
-1.524606347635121539e-01
-4.640571391722890238e-01
-9.570915810079497765e-01
-1.020807612603262360e+00
-2.083993970884039648e-01
2.680635041549291331e-01
5.803161435555209691e-01
7.273228425499482785e-01
7.392913707578149252e-01
7.936857976046666208e-01
7.197092552862832671e-01
8.034099649713111191e-01
1.433933340491893305e-01
3.499525021165594829e-01
-3.551642113126650679e-01
2.593812294400547058e-01
3.220998289588246077e-01
1.769519060792740239e-01
4.551009916706721947e-01
6.990960598757669509e-01
8.163197533657402527e-01
3.027786746317367439e-01
8.153226533622027761e-01
6.837516718338852995e-01
6.850914335369273633e-01
1.968613852396361719e-01
1.909592373516284247e-01
1.389718399666785009e-01
2.033274419031505520e-01
1.936368711679481158e-01
-1.372198855681413976e+00
-1.056481925657960286e+00
-1.946521952070727313e+00
-2.122733007768924818e+00
-1.357197242170048002e+00
-9.526993098524404457e-01
-8.442361890308418548e-01
-2.089652209857164156e+00
-7.168627283298835140e-01
-1.297868535725712924e+00
-2.095635483113599040e+00
-4.897630793541878358e-01
-3.567235357140929874e-01
-5.312036722845874248e-01
-5.505413068014963773e-01
-1.185358962056113796e+00
-1.032401119829263747e+00
-2.179760221395058428e-01
-1.186530049013052146e+00
-1.490184157256199127e+00
-1.952341973925318497e+00
-1.676590850373036012e+00
-1.835316631565483858e+00
-6.921196794159114596e-01
-2.226965812441025427e+00
-9.112475338646384149e-01
-1.868540030077887826e+00
-1.788663799131416265e+00
-2.562393030581378017e-01
5.527979742488638992e-01
5.704297961715866228e-01
7.389453602661817389e-01
7.754162593169590112e-01
7.583117533061205506e-01
-4.613887629823835157e-01
-1.283440936945748456e+00
-6.047534203879681991e-01
3.003506552932626028e-01
6.042612798105710947e-01
5.151947767152094126e-01
-1.341991480329107089e+00
-3.589038903365681099e-01
4.262935944951250500e-01
4.672021240261260977e-01
8.754298963922576560e-01
8.291543717007973102e-01
9.210933188026423357e-01
8.878206305212222871e-01
7.969831959030310164e-01
8.458294987844583446e-01
7.911832779550128647e-01
7.534947444975975683e-01
7.595110282293769943e-01
5.925529100315380937e-01
-6.707634294801512187e-01
-2.741222505148446786e-01
3.444769719534063190e-01
7.447556080018279401e-01
1.086179358042169280e-01
-6.790514103546277935e-01
-2.246719430449912736e+00
-1.153053095986404264e+00
-3.986759391906291028e-01
-1.272143843629545579e+00
-7.365962539497414828e-03
1.498363728838476572e-01
-5.539769176020442609e-02
-5.606815812819972988e-01
-5.203502028066896434e-01
-5.350960678129882409e-01
-1.264825041281274487e+00
-2.035923482698582532e-01
4.700279289770725732e-01
4.146650089172465581e-01
4.851603026594900614e-01
6.382769425629575277e-01
6.314341106454485208e-01
7.901159115722998783e-01
3.273579585056527463e-01
-8.487031886880176401e-01
-6.673211521832034254e-02
-1.338477178580089078e+00
-1.870060460854432449e+00
-2.071893987972806439e+00
-4.007595404258592064e-01
-1.920703952238716372e+00
-1.668354291125062616e-01
4.077788842086779164e-01
6.839025660113442484e-01
6.387190519402071720e-01
3.808531326022143171e-01
5.561147603933392913e-01
-4.763431066955521875e-01
4.987398724042516607e-01
6.086062943582617457e-01
2.719369775690638757e-01
-1.288730845208984288e+00
-3.550002623544145086e-01
3.049879128663832151e-01
-6.346008247545106840e-02
-1.996636411293427837e+00
-5.950083133904079391e-01
-1.650874985719715582e+00
-3.760092047193622222e-01
3.557961500645091535e-01
9.335982038680694650e-01
7.856181333278180468e-01
5.812344403452077701e-01
-1.462244480584602213e+00
-5.058774915759396418e-01
4.817153393921833615e-01
-1.175598399185358300e-01
-1.873626242589208513e+00
-1.765019093905634273e-01
-3.394254517948273042e-01
-1.302542806521695073e+00
1.151436799219568707e-01
1.384634184367359785e-02
-1.650209483874054195e+00
-1.799629495219584596e+00
-2.243630365435019591e+00
-2.056251171462048610e+00
-1.126462675746277897e+00
-1.380400785620914172e+00
-9.020263733815495621e-01
-8.847733207500787511e-01
-1.068504883437747521e+00
-1.087699408248181676e+00
-9.876990821685559530e-01
-4.848182934103392183e-01
-1.067157532099340500e+00
-1.705401439484615922e-01
-3.180769514666653142e-01
6.144786614184284679e-02
9.025697257007482543e-02
-1.418259059038355363e-01
-6.217855213494268840e-01
-2.054611796463566564e-01
-7.842031553812307543e-01
-1.675474963735512635e+00
-3.891575248563768907e-01
-8.766746307954895734e-01
-9.301523132156868101e-01
-4.426369416958551017e-01
-1.186229295816997542e+00
-7.151478470133983967e-01
-3.336527020094768314e-01
3.533859032313653725e-01
6.946733169716372558e-01
6.913811020445953526e-01
6.118193743734520185e-01
5.921333523721724612e-01
-1.186367054407313215e-01
-3.336577242106101848e-01
-1.875076405464410345e-01
-6.557618199342550858e-01
-4.771957956560315406e-01
-7.732966160186237337e-02
1.661328496912524988e-01
-1.243283247328995367e-01
-5.012340707392450856e-01
-3.220087032059143484e-01
-1.865842885746266777e+00
-2.456255338121069443e+00
-2.367177060159694424e+00
-2.425316098292105149e+00
-2.401474469708268611e+00
