2.282346626477426699e-01
2.773132804734063095e-01
9.155864150653528211e-02
2.705449545039051440e-01
2.189275118114503704e-01
2.500037172495744864e-01
6.753709555718542812e-02
1.721040091303948638e-01
1.812398172751804593e-01
2.278375972154136064e-01
-4.199196414472250449e-02
-1.653905401760830673e-01
6.384125376702637356e-02
2.694722881029746331e-01
4.768209245028798282e-03
2.925395600358219883e-01
3.129636905899189081e-01
3.717725972349293917e-01
4.483229130079188773e-01
4.250368592334323736e-01
4.902137107184968978e-01
4.174799770624494366e-01
4.589074677862402529e-01
5.554864549606729485e-01
5.364543076036190072e-01
4.460338409228359335e-01
6.372839358150621525e-01
4.581967511689132855e-01
3.552685972146802373e-01
2.077883099846029591e-01
-1.581329281612647852e-02
1.825971754951594139e-01
2.808800273111742296e-01
4.327033597710829849e-01
3.619188363255131380e-01
2.082118597490384970e-01
3.169125055579348205e-01
4.651740409865121606e-01
3.684385844579605163e-01
3.482270733830477027e-01
4.664113564015185398e-01
4.643063201178303512e-01
4.061469431326983903e-01
3.241324600753204832e-01
2.581361542395811948e-01
2.191751995400787467e-01
3.583132757032361226e-01
5.211711059367140075e-01
4.263201603541439400e-01
3.944041421853650142e-01
2.111987691250662158e-01
2.005981689461955320e-01
-2.103375356050318779e-03
3.776276575470987051e-01
3.697230515557154429e-01
3.492473238808733171e-01
3.932429057159630426e-01
1.848042153548756228e-01
4.023838346146931255e-01
3.152069490626834836e-01
3.345419948416624156e-01
2.586672063845343317e-01
1.142366022575141415e-01
1.044891359204336290e-02
2.232147294881220156e-01
4.876239540262158889e-02
1.439220197183929684e-01
-1.167029229410393998e-01
-8.011892274901146749e-01
-1.586634612181178627e-01
-2.299100891538957692e-02
-1.632982954725011870e-01
7.704688646298896160e-02
1.301539961082719410e-01
3.725856159905540088e-01
1.433331559331996741e-01
2.272632919576837995e-01
3.243707373837534380e-01
4.300903518964087624e-01
5.871622536333853670e-01
3.487161356083058883e-01
4.549403755976977881e-01
4.905915702533353850e-01
5.357472253582140631e-01
5.484473016489687103e-01
5.956284479276297006e-01
5.950043915390053062e-01
7.595846307544495968e-01
7.653894470733542121e-01
8.106771859268168123e-01
8.222085593716962348e-01
6.653233059319106912e-01
6.326051776111021319e-01
4.317008569141519425e-01
3.507387338983745106e-01
3.190836603464592414e-01
4.047351965430291965e-01
3.926564762179117762e-01
4.490394553857081639e-01
3.363345556341552633e-01
4.239443292305832833e-01
5.559280925152390029e-01
5.564981390357734981e-01
5.824479318199842215e-01
4.244586601690142347e-01
4.547489285613939836e-01
5.403151418713916243e-01
6.136344037145484709e-01
7.005480065730667061e-01
6.053201715395998272e-01
6.121498676339576228e-01
5.156996858702576070e-01
5.542490794043385405e-01
-3.309666845634768872e-01
-6.249345937763047809e-01
-5.546089784719149263e-01
-5.333707725394956078e-01
-3.626776139707093005e-01
-2.756172781671308858e-01
-7.810464889779766828e-03
2.489345805947391910e-01
1.774385546113414480e-01
1.082614048029535148e-01
2.101472976832949591e-01
2.171628556097741081e-01
2.583629862164988911e-01
3.393857967134623621e-01
4.013759392912230606e-01
4.090777439386780734e-01
3.975297048439402348e-01
9.504483586247305382e-01
9.137580435272346646e-01
1.002231504713649635e+00
8.371372398248970725e-01
8.405674796537446758e-01
9.642717383571639544e-01
1.382469086243665712e+00
7.633886827219350524e-01
8.724313495631702553e-01
5.262114622548240694e-01
1.180009560290443904e+00
-1.419572263591073691e+00
-1.267365053114564821e+00
2.800287243909137525e-01
8.599213602739769202e-01
-1.116724922695408573e+00
3.465248215398344378e-01
3.353435909783774038e-01
9.112418500210018868e-01
-3.125147021650716006e+00
-3.160908682637984413e+00
-6.989160828444912488e-01
-1.163808606946880042e+00
-1.156789349761156771e+00
-1.818284699403718507e+00
-2.556302084571157707e+00
-1.029260009182400681e+00
-1.082326418252304912e+00
-1.607178201360775383e+00
-5.935635265406208338e-01
-3.050256891167154372e+00
-1.606856253991233663e+00
-9.984908094278638346e-02
2.923871600435080098e-01
9.851690357298126255e-02
1.905458386644975910e-01
5.030170087596722572e-01
5.661506058370169292e-01
9.610869993676842693e-01
6.672981411959405529e-01
7.443226643229259309e-01
1.744663803936842839e-01
3.802064755601574642e-01
1.313905606295831641e+00
7.118485386177028085e-01
5.875401734552843092e-01
8.152894213690266012e-01
8.644499031185305382e-01
6.438560479436263861e-01
6.789036179050760289e-01
5.425262316700248943e-01
7.180910197181639143e-01
7.967055156915019420e-01
7.307167019384677720e-02
6.079292751321212496e-01
4.614475462792383409e-01
4.713451708306761190e-01
2.292723223646306874e-01
4.662484162628631745e-01
4.149884816914675145e-01
4.535111832674149079e-01
4.870990954604106360e-01
3.355926230693472845e-01
2.577476487423218110e-01
4.803584832966023566e-01
3.237134546894642195e-01
1.852991656778939511e-01
2.825398159432401246e-01
-2.992097393974775255e-01
3.025879418813828825e-02
1.285726953646157411e-01
1.872819139640019004e-01
3.317340227534176234e-01
-5.366759649192808235e-01
-3.090578506785829349e-02
1.327376699910117752e-01
3.226537125369771664e-01
2.810926015505232911e-02
-3.306445590284121661e-01
2.666648250058965886e+00
-2.111140857567651352e+00
-2.021685462383587151e+00
-1.727523238040922227e-01
1.749809061028856083e-01
1.488895438140580563e-01
3.890562168031730383e-02
2.568747749996849183e-01
2.577601502581179926e-01
2.768366940810810806e-01
1.536541398509123635e-01
4.689978786366696406e-01
7.196747274848869225e-01
-1.241096345898665687e-01
-2.104661617267384877e+00
-4.000596319025063741e-01
1.495235070774541652e+00
7.239125004249767903e-01
5.500481405912660549e-01
5.684851045189729390e-01
2.869255224757939482e-01
1.377008766084385771e-01
-9.499721259001547846e-01
-1.937976821932932525e+00
-2.057516264547169627e+00
-5.306495867475128358e-01
-3.380300683646649818e-01
3.214016836218547279e-02
1.270493719304992275e-01
1.687364632123151131e-01
1.300715427244482636e-01
3.080526663194260717e-01
2.839307251754679129e-01
-3.570532330037015090e-01
-2.495087994361579575e+00
-2.404564467993059118e+00
-1.709398513285472099e+00
-4.194831903077220758e-01
1.846582640706473377e-02
-1.756831720160883514e-01
1.436178711600296365e-01
3.840114894913798094e-01
6.201192393388088586e-01
3.823763612149086999e-01
4.541341953821551591e-01
-6.987772471194474422e-01
1.135487478745215995e-01
2.131147271862221249e-01
4.849471610154411083e-01
-3.991959655839951715e-01
1.656316907036847752e-01
3.320266679858228653e-01
4.534153717463852429e-01
1.045263007665673261e+00
3.133136254376879815e-01
-8.770570218511331007e-01
2.994978102676069676e-01
8.792086276101369613e-01
4.460249691891632340e-01
4.879315173675796702e-01
3.240863886055419529e-01
5.691028504157570334e-01
3.050438796425422594e-01
2.047709850113166863e-01
1.139668800399330495e-01
-2.511855985911114475e-01
-1.684428320707713755e-01
7.940701871880448404e-02
1.887170782798852642e-02
-2.846138407902948364e-01
-2.944238103894916136e-01
-1.481793118164759226e-01
-2.774664334657126474e-01
-2.364383630786548451e-01
-2.565524031764542245e-01
-1.371849092074629572e-01
-8.125769441842745078e-01
-1.699094465282136035e-02
1.344272238578858580e-03
4.065192060015935249e-01
-1.032521016170531603e+00
-1.174616597918017868e-01
-1.890617934905391428e-01
7.294764998931504985e-02
3.645625785720006395e-01
2.287214788979939906e-01
2.468790451808361430e-01
2.887524772136182971e-01
3.267916157575150304e-01
4.368270687694852938e-01
4.410454106615200320e-01
2.313081840231365760e-01
4.597724234820382838e-01
1.367048783946654966e-01
-3.875997520313099187e-01
-1.082080629616247736e+00
-1.763481898082789323e+00
-1.306148481754924484e+00
-1.494503770838207846e+00
-1.993554431230293300e-02
-2.534917844452919233e+00
-5.739433857962115137e-01
-3.464781212283996048e-01
-3.758496707356014932e-01
1.212293413147956800e-01
2.137520278638939675e-01
2.252378926842818485e-01
4.430078988378497451e-01
4.791905116932356767e-01
4.087101544561537736e-01
2.867954826442609129e-01
2.564504935075329062e-01
9.116531453312523570e-02
3.765520499350886174e-01
4.639901815234340754e-01
1.406541942215188801e+00
4.184644036287860080e-01
-4.482860233951067030e+00
-7.896992064328196559e-01
-9.819254994422963456e-01
-1.837732231848674180e+00
-1.228343244185990502e+00
-4.207516759595251177e-01
2.479752691238582829e-01
3.433424519013971721e-01
7.846572849601024524e-02
-6.750273989614067327e-01
4.397518594394534963e-01
-1.287148582045730683e-01
2.723793686722739693e-01
1.606839808979143303e-01
2.207784537910381650e-01
-3.476069058630748554e-02
3.749537911554913228e-01
4.684282813995119810e-01
2.538586052758754485e-01
3.573205801499113599e-01
7.799529931687594342e-01
2.563402545354098727e-01
6.123252507494223451e-01
3.795398561756799238e-01
4.028238680946805150e-01
-3.001328887306056181e-01
2.004446940091361984e-01
7.566447033971697156e-01
-4.748868345061362239e-01
-2.790861638376772591e-01
-7.086843523751640284e-01
-7.161142975902571317e-01
-6.235610374073943252e-01
1.267059224987217236e+00
1.080102548880261137e+00
4.129642043198994417e-02
-3.275822325014867697e-01
4.398131369383273537e-01
2.961887149386504547e-01
5.809885574275767128e-01
4.099829548318439376e-01
1.932715196868465823e-01
1.249154172640658811e-01
7.458520171026170598e-01
3.113230511491861030e+00
-1.486646658006596788e-01
8.846201450925332832e-01
6.713896815523672235e-01
4.971427930828667408e-01
5.171476683905735783e-01
4.477668705458874854e-01
4.707389263845004335e-01
4.719653463584144726e-01
5.042868635016916068e-01
-2.063396454759613419e-01
1.362103666315828687e-01
3.658209587959712072e-01
5.313058590926661440e-01
3.932511846573692460e-01
1.522532924828899070e-01
9.405575860620483120e-01
1.029273075940782878e+00
6.551599667004759375e-01
6.017404879310856991e-01
5.723590249592114265e-01
2.336425579638319039e-01
9.383448054603620303e-01
6.973656816732692887e-01
3.170242968711818876e-01
-1.149850553657035146e+00
9.130311832798488902e-01
6.098016603607997466e-01
3.729016438961070268e-01
3.280388604033224742e-01
1.604103267287321777e-01
-9.197687526369358046e-01
-1.147172206065161237e-01
2.862386267690453234e-01
6.313130233860766438e-01
1.001877080442523105e-01
2.003593695694271815e-01
-4.615532162049307274e-02
1.787341947587790247e-01
-9.256125877100962462e-01
-8.734128199563651052e-01
-1.017004793068072011e-01
1.910893242028304240e-01
3.435484904935653949e-01
1.323759286536970170e-01
-8.376084290746887984e-02
-2.031585990078133563e-01
7.012011297411455124e-02
-1.553731353439169460e-01
-2.149908092658727732e+00
-1.510618314409716834e-01
9.355827462583252152e-02
3.302043555149752341e-01
-6.167932110374638732e-01
-5.448997275827259790e-01
-8.287734379528872708e-01
-7.923272213264715980e-01
-2.402803506308969217e-01
-1.454775888823777619e+00
-1.343021639824793168e+00
-1.713375014836114651e+00
-1.358162007530959725e+00
-7.443374173874430788e-01
-7.216222376296127505e-02
5.568173225054839914e-02
2.086017914120638361e-01
-7.786443080616332058e-01
-2.950916793813617156e-01
4.465737518959445040e-02
4.494100695281670332e-01
7.027772515134872444e-02
-2.279199268768808961e-01
-1.902882915125284624e-01
5.126538947339165375e-03
1.410928712270529128e-01
5.317350858653305812e-01
1.615142329863286652e-01
-5.408769736583224352e-02
2.402735947469145650e-01
1.257866257341936911e-01
2.334051906609055649e-01
1.565810586211807687e-01
5.677539761326492185e-01
3.698621038111538084e-01
6.647887134595136249e-01
5.384706994093191312e-01
3.079507266093149953e-01
8.381572408121261697e-01
4.638528790420813896e-01
3.668193726468294003e-01
-1.291829719010120003e+00
-4.205500365648359384e+00
-1.003358095104646130e+00
-1.509291650060880619e+00
-2.109542304988260675e+00
-1.064898537037541004e+00
-5.317850717263716831e-02
-5.122974393288663997e-01
-1.924832562159831673e-01
-1.010652591431417391e-01
-3.640222318054390227e-01
-1.561748197591007692e+00
-4.968340300713334212e-01
1.741767568336749505e-02
-1.069380860198565486e-02
4.584413376112508876e-02
-6.675287914046105220e-01
-2.179760838846377946e-01
-3.763897606144299690e-01
-1.554432887191163681e+00
-1.891050211210872023e+00
-1.994208089037991849e+00
-1.756797655513561152e+00
-5.327456946485349398e+00
-1.096231908402160560e+00
2.478721638975262265e-01
3.842719722776565816e-01
2.526432483056873513e-01
-5.405832491934542405e-02
4.102046496218588745e-01
-1.207938085477572865e-01
1.816208531665536030e-01
4.482039473861508250e-01
4.416978659454115497e-01
4.442884105207526857e-01
4.130628211708314845e-01
3.422682718496864451e-01
5.207881632161448504e-01
4.513379641527284214e-01
3.936268000478871931e-01
8.621705430708170859e-01
1.871569996507865263e-01
-1.912346462275215986e+00
-5.241656701193606605e-01
-3.812169792416636449e-02
9.982303538772061002e-02
-7.322766151503096177e-02
-1.559710560068408913e+00
-7.269983362301679630e-01
1.572002150825029254e-01
-4.655670452916924607e-01
3.628720084511242172e-01
5.939050431388888107e-01
-3.264693614426975588e-01
5.833737355435890670e-01
3.554848383335387219e-01
8.153824331773005252e-01
9.173017311864760659e-01
2.859335495018980322e-01
7.134026391192406225e-01
5.470565458933620562e-01
5.021648794501775148e-01
7.772270388854494172e-01
1.573394830479517004e-01
-2.235562519368524015e+00
-1.162700222790325366e+00
5.989659804462446058e-01
1.217549875900687528e+00
-1.805171989878260108e+00
-6.758350336196963237e-01
-1.683270168201355665e-01
1.530231904327940262e-01
4.169290700133273520e-01
4.646684273407640786e-01
-1.044152143549884393e+00
-1.544660280243465911e+00
-1.307621774020138461e-01
-9.849156994558307954e-01
-6.164615321220716648e-01
-1.197069815594604236e+00
-2.556262704853208945e+00
-8.549967413323211751e-01
-3.707080773215153391e-01
-3.226852360547819432e-01
-1.344153094220152389e-01
3.806298459166020387e-01
4.731063428028086104e-01
-1.139783754476146327e-01
1.008726655184853660e-01
3.532787685030671643e-01
-1.274306780645846349e+00
7.369184614643695119e-02
-1.911868354751145582e-01
1.596844467376399845e-01
-3.803339970517368718e-01
-1.743115735585153425e+00
-3.029614011305036492e+00
-1.391570231293892013e+00
-1.614182667747329880e+00
-4.682923598855692759e-01
-3.610341281853716167e-01
-4.091824787274387365e-01
-2.511257845024113422e+00
-5.867780301525070685e-01
-3.123260630328908993e-01
-1.626956932141029322e-01
6.321907715465751032e-01
3.347622956379703862e-01
1.626894595545921030e-01
-1.409395375923140348e+00
-4.989638935048102963e-01
5.242333495647216735e-01
5.504504286750129260e-01
3.202822899849701033e-01
5.319683447523713138e-01
-5.124365106825249372e-01
1.100581056378343359e+00
-3.154172044653652529e-02
2.078279945157277819e-01
2.726642840364159603e-01
-4.270574031493233891e-01
-4.338289097340557454e-01
-1.073310657754459330e+00
-2.193581256952684910e+00
-1.724358661863476749e+00
-8.303818149864627962e-01
-5.092864642382974871e-01
-2.165683155825467665e+00
-1.055738004092993565e+00
-9.072630801750534157e-01
-2.124542368003221604e+00
-3.770337509811369614e+00
-3.965623655174376871e+00
-5.716210000206691788e+00
-1.596090692364309893e+00
4.917642862487536792e-02
-2.905530691246793751e+00
-4.254856735351033592e-01
-1.917663535313930412e-01
-4.521258417473189573e-01
8.216534361681349097e-03
3.480837293761939177e-01
3.858183057321873388e-01
6.300116731037832540e-01
9.324033634586176289e-01
-5.483902538420014627e-01
-6.005365425122002332e-01
-2.626222079001449217e+00
-1.028004233599008610e-01
2.599047478046206949e-02
1.844108316432268024e-01
-6.958511697052582878e-02
-3.209672508937350122e-01
-5.588946665629181965e-01
-2.298672471886729518e+00
-1.157835400205027065e+00
-7.966435455557352441e-01
-1.128046499836935057e+00
-9.335522588283964307e-01
-1.754852504420201020e+00
-2.589873676655713552e+00
-5.412383590274589373e+00
-1.308561320182650256e+00
-3.922593779887312282e-01
-9.055072386007851915e-01
-2.885961743584284811e+00
-4.225046139693475755e-01
-2.988026549110034402e+00
-1.056932220868181060e+00
-1.362172913086462822e+00
-9.231190083336273666e-01
-1.032486548844874008e+00
-2.313763149645050810e+00
-2.720479785494188896e+00
-2.647102502592891149e+00
-3.366630763930311687e-01
1.835906760943203653e-01
2.545487793306183133e-01
1.503219205405404435e-01
-6.070611098666200967e-02
5.340756379298941536e-02
1.158788542482796224e-01
6.432347170084948274e-02
-5.697664168095639692e-03
-5.178487152919214465e-02
-2.294559510342371489e+00
-1.683912251875466559e+00
-1.095273516577801365e+00
-1.045711790986004752e+00
-9.904199065723906514e-01
-5.353408530315210134e-01
-1.707424371418621911e+00
-9.689187734747404246e-01
-8.552016061634124533e-01
-1.118289423068207222e+00
-2.500620241137977651e+00
-3.804827958809892330e+00
-3.106405129870672077e+00
-2.696896910386716861e+00
-3.461397922990688825e-02
-1.385052869325698044e-02
6.411230394541795885e-01
2.814217730356735059e-01
3.673465510551734425e-01
3.739793973277176775e-01
-9.264987300167442097e-01
3.956556293099300348e-02
2.236446060735458319e-01
3.930177633505883006e-01
1.643280303933388475e-01
5.160711738465624254e-01
1.223219109339308552e-01
3.760952528191826572e-01
3.314638254279168583e-01
1.592067986689558179e-01
2.192005305182962993e-01
2.801279712821920787e-01
3.386963280650816532e-01
-1.282270708779115198e-01
1.812402802057749007e-01
2.300724710990629251e-01
4.022444875470788661e-01
5.791080633974361458e-01
4.430820776563233476e-01
2.997023272297605900e-01
-7.544561046180214836e-02
-7.790656904366022317e-01
-1.300272985833462958e+00
-1.250156505536444307e+00
-3.642745818698610583e-01
3.275004112974442272e-01
2.876031789781193782e-01
-3.240972388352950651e-01
-3.240031433761431101e-01
-1.769195028938987724e+00
-1.719191059637599772e-01
-3.055735974979207903e-01
4.484630238562002935e-01
8.264715651886445080e-02
-1.813958920348276993e-01
-3.846385031404684351e-01
-3.107695374310668335e-01
-3.286135827032951040e-01
1.737194875838969088e-01
-3.184398585807574067e-02
1.900194695265449152e-01
2.449127548549759614e-01
3.289141438770694648e-01
3.269290413920545868e-01
2.702407124400273974e-01
2.156340139411979662e-01
2.797205188393548925e-01
2.650009338379352708e-01
2.905521733257091510e-01
3.441577271959164741e-01
4.038836815124176027e-01
4.248682737776214302e-01
-1.971533877410869273e-02
-2.818774942867456890e-01
1.535584105235991426e-01
3.015659134704555822e-01
1.940931363353738670e-01
2.084284969842447599e-01
2.251011529932853694e-01
2.817580371390056571e-01
-4.347747575344945714e-02
9.887744385761140786e-02
2.162219327897857424e-01
1.795651213680484193e-01
-6.072498694452163059e-01
5.806362102343706755e-02
-1.458764507968181579e-01
1.130109234675290286e-01
2.158070572809274446e-01
2.977793697881528368e-01
3.122733676055509666e-01
4.402964144027984861e-02
1.504886160169947584e-01
-7.402554242628867076e-01
-8.821809839079375326e-01
-1.386176953446441873e-01
-2.882023516940834806e-01
1.484862458397254448e-01
3.841675023058555571e-01
2.863084133334680703e-01
-6.486088538685508276e-02
-3.729429128043503239e-01
-6.897826016934144322e-01
-3.047995621204815375e-01
-1.284324430888424962e-01
1.301423620152503124e-02
7.342755833238015506e-02
1.916296678843547041e-01
1.584173507041264362e-02
-2.024418785128117904e+00
-1.016313263770075359e+00
-1.016893710607049139e-01
2.720683252177748535e-01
2.301770133655144379e-01
3.268646228591577385e-01
1.327971499510836872e-01
2.064529836118222939e-01
1.760431280117026598e-01
1.607237514770356590e-01
1.822935832275855983e-01
2.318391182605592238e-01
8.155268702100670897e-02
-3.600358423229949034e-01
1.133722751687121777e-02
1.200742863508975355e-01
1.830137754053745291e-01
-3.235675546298388827e-02
1.693786710271120988e-01
-2.670925958436186631e-01
-3.067895709561317963e-01
-1.704089481121399796e+00
-8.848432043980269945e-01
-3.538266102496311349e-01
7.662304018676721618e-02
2.375471987456234113e-01
1.396789909276052177e-01
3.298101637129958741e-01
2.706538283213187346e-01
3.185113857486213118e-01
1.684507736883497087e-01
-5.238907634073610708e-01
-3.901678383145750217e-01
-3.933152387436225084e-01
-7.004662666149406025e-01
-2.694322400360250391e+00
-1.386412542960514305e+00
-8.051501135639034246e-01
-1.032639514855858032e+00
-4.277871112617814831e-01
-2.807086087823923215e+00
-2.094149273431749059e+00
-4.693019731119258964e+00
-2.458846936514726522e+00
-9.347459488323059951e-01
2.409948651639448602e-02
3.044338943085777571e-01
4.048301410722121574e-01
4.957734723820033107e-01
2.691530700986688451e-01
1.262976099161259302e-01
-2.875359273926085812e-01
-2.180152529946396411e-01
1.197057278366830957e-03
-5.236702221218363373e-01
-1.553126249659356528e+00
-1.939862503321161613e+00
-4.515903672076443387e-01
7.576246693393903775e-02
2.541669387974545002e-01
3.942845318518961029e-01
1.886496810277390745e-01
1.999091427607487814e-01
3.069551870712474151e-01
3.139533317675425872e-01
5.784665397785615504e-01
4.422486120809385746e-01
3.302910477644445120e-01
3.915503454486876089e-01
3.955650552716591939e-01
5.666084350026072691e-01
1.809639232881651294e-01
3.559988349656245665e-01
3.214684971860237717e-01
4.305640858103766400e-01
3.670544622729682849e-01
3.135030656781799263e-01
2.032525021454866521e-01
6.078792205795509052e-01
5.105657226456548070e-01
4.655164568023062444e-01
6.467947585821742784e-01
2.703641626961153510e-01
2.535276266700331460e-01
2.475847055796528695e-01
2.731445886497116948e-01
3.747558796247124069e-01
5.102930951989836927e-01
7.682678934829675343e-01
2.428876946859513664e-01
1.517020653706444011e-01
1.683194215311744624e-01
-1.897929717947497430e-01
-8.393532924297326669e-01
7.127180091134658335e-01
-1.029456136091870144e+00
-9.681195321796225439e-01
-1.439367633554746728e+00
-2.841690338639860869e+00
1.745183204279025513e-01
2.231059928035198647e-01
1.205103618224829809e-01
1.478678250240589298e-01
2.031681434474009174e-01
1.863824945815737433e-01
3.228257913620445341e-01
-2.923001950206683963e-01
-6.638366299465608966e-02
1.185977279109023952e-01
1.207624334394758192e-01
-6.093155520556977622e-01
-3.690429050447070480e-01
-2.524912826034316771e-01
-1.195124787298526003e-01
-3.256402458268714550e-02
-3.781782392007485560e-01
-1.375856940196302336e+00
-2.091265300637573654e-01
5.402564566373828647e-01
2.399034790573197906e-01
2.896780998386322414e-01
4.798642903928794223e-01
3.984882638536929589e-01
2.043464047368708791e-01
-1.142189787506096899e+00
-2.682241444175331724e-02
2.478198508454782512e-01
-4.999467430786410649e-01
1.030168928987035826e-01
2.629657719730939536e-01
2.391310551301643883e-01
3.533628155596019171e-01
3.053885198871975626e-01
2.369795339711336934e-01
3.574847289441322462e-01
2.119549129300756785e-01
2.576202223121899504e-01
2.039921944487766425e-01
3.659293121001747084e-01
2.162784096609032258e-01
2.006517421346147856e-01
5.264637649247469464e-02
1.989296160619528075e-01
3.090579315410496020e-01
-3.242996910855330261e-01
-1.670569061941510780e+00
-2.094619110574281073e+00
-6.599284142315479107e-01
-8.847776087000469580e-01
9.168557384051559400e-02
3.111704779663618803e-01
5.450498202034095296e-01
4.156675402628638993e-01
3.336533437941620051e-01
1.922824272903412846e-01
1.786783638454383372e-01
2.428519134262374091e-01
2.572203882163325850e-01
-2.191418831557607749e-01
9.873546454731560451e-02
-1.958034059886362699e-01
-4.758877953774551806e-01
-1.362647764993390354e+00
-5.781150713074589831e-01
-5.380285788026523131e-02
-1.186734420347385077e-01
1.816820957572540252e-02
-1.167495329285499484e+00
-1.057052487235798477e+00
-9.213574367416288435e-01
5.877961920544066965e-02
-3.137936567004564470e-01
5.566678883271589107e-02
7.008115048298818595e-02
2.670522123717424257e-01
2.982781291317813110e-01
6.837715506397207266e-02
1.239352117905874739e-01
2.074734145310905831e+00
2.146105848455586440e-01
-4.446564664526273525e-01
3.712499070169905102e-01
2.857126376419646951e-01
2.455193497375591505e-01
-1.160511670241138882e-01
-8.919714160699863115e-01
-1.106272631945875107e+00
-8.181716639253788781e-01
-1.672027961052401146e+00
-1.105418878862203247e+00
-4.478620154949656262e-01
-8.513522922409866300e-01
4.625727346203001300e-02
-1.667811336628804986e-02
3.182734978887876709e-01
8.463295450579864099e-01
5.587924543867464067e-01
5.713732164064253549e-01
5.184724895994671234e-01
6.030505960209862071e-01
5.375112727699088433e-01
1.699002811573573635e-01
3.006554667168613304e-01
2.567090578144313184e-01
1.974926678307765970e-01
2.087442309754429515e-01
2.063235446471247125e-01
2.720339032365779453e-01
2.844079663809788161e-01
1.278151219911682901e+00
-1.447356213046975482e+00
-1.214872508367874859e+00
1.186366381204261577e-01
-6.246173686516736101e-01
-6.126264865080598421e-01
3.523352223888664980e-04
-4.117436801963594295e-01
-4.260236156733355761e-01
4.207289691964269385e-02
6.431391086260118684e-03
-7.604666124182311027e-01
-3.767442617485389222e-02
-3.373358283951221059e-01
-7.685001699248923401e-01
-1.798825511819468481e-01
-3.183236452236029024e+00
-1.314175230108294068e+00
-1.156906268078529143e-01
2.685805281327043881e-01
2.236395499517931373e-01
2.908730556155070812e-01
3.890507540177684520e-01
3.918793310907424665e-01
5.200747062805903820e-01
8.992072472532868233e-01
-1.460862594141002502e+00
-1.398688431192118831e-03
-9.481271101742477780e-02
1.868776062964233597e-02
4.066093285612401020e-01
-3.374932075652720131e-02
-5.978305181398529955e-02
-1.234916158846545153e-01
-4.440152804996194691e-02
3.403423345354131824e-01
2.770596462234472535e-01
3.851483893012661586e-01
3.818316424951390120e-01
1.371185655130382208e-01
3.624434813708951597e-02
-5.367422052899903928e-01
-5.109652142326430724e-01
-3.010368423171221330e-01
-1.207627308186493553e-01
-2.186296876280402479e-01
7.007866990074520519e-01
-1.502942901558300126e-01
1.992563836639774100e-01
4.275699191315490144e-01
5.041196991513949843e-01
5.179344305769493229e-01
7.058765393021526613e-01
7.804932773071793228e-01
-3.952178397824587242e-01
7.113985316753406174e-01
7.021722784022980113e-01
1.224838612730470011e+00
8.656535659017183804e-01
7.717998958338240234e-01
9.244684580464557211e-01
2.962418519724540622e-01
-4.512619968994485697e-02
-2.059456925635835267e-01
3.202182901331240839e-02
-2.618454317876854454e+00
-1.716461032597289327e+00
-1.832674123390306553e-01
-1.280081628440752350e-01
3.455616825336865205e-01
1.529789061780844617e-01
2.952954166524949797e-01
-8.943813193198135725e-01
-3.475773276160249559e+00
-3.935750274469701493e-01
-1.260277397588307924e+00
-6.605615802417686977e-01
-4.930519730167022274e-01
3.303322322168546488e-01
2.979868696246008031e-01
3.788957870656169957e-01
6.192508726965223476e-01
-7.660149698819793684e-01
4.981579441353584659e-01
4.077095472101192608e-01
3.595279598757107342e-01
6.172496762745580678e-01
5.693004883173903297e-01
6.094933265468669426e-01
4.854593373809191204e-01
2.273326206189730803e-01
2.791850727677932520e-01
-8.541304322891334344e-01
5.591686758550979963e-01
6.213716336990430245e-01
1.690513952759502003e-01
-1.708355312222947786e-01
6.181361204575469559e-02
4.101383124990245488e-01
2.571864114936125989e-02
-3.900531598054282068e-01
-1.551472377955385840e+00
-1.683899217029605211e-02
7.197888928654289087e-01
-6.974734907360097269e-01
-3.742319920307410896e-01
1.460668553492998623e-01
4.716401937482441742e-01
5.758843852896294857e-01
5.570770200569934438e-01
-4.578859526638605626e-01
-6.111580819234213591e-02
1.578767239211627260e-01
-1.621954653898344256e-02
-1.532407212354046644e+00
8.583085730743941766e-02
-2.494203478036427502e-02
1.949596749392253636e-01
1.506115997952495733e-01
-5.475738355245727274e-01
1.302642725481545638e-01
-8.806973183312036824e-01
5.796573516903158474e-03
5.661283887551193938e-01
5.268606215591127295e-01
7.159714288018099726e-01
8.950946067623390956e-01
9.801336775000852874e-01
4.357334083968048000e-02
-1.488971556595633405e+00
1.547038378395889091e-01
2.118570322338365619e-01
1.305176788429871726e+00
1.369499278736415304e+00
-1.487950271572567318e-01
8.581812470676444815e-02
4.504362644605135468e-01
2.490941723351786652e-01
2.731145252436504300e-01
-1.568713808018756262e-01
5.901750509717058613e-01
1.095052403549097164e+00
3.924412532884907767e-02
-4.489361448586089987e-01
-7.768281286066396341e-01
-1.006307167078777987e+00
-3.537462287569522745e-01
-4.366383972677750913e-01
7.013234335736920344e-02
1.281291863962292221e-01
1.742415637746942969e-01
2.382170624519269753e-01
-1.119663931195518658e-01
-2.492920769637674283e-01
1.430134411914698589e-01
1.684517035647762340e-01
-7.549134612957808521e-02
2.692327138347405113e-01
-2.836163155602211550e-02
3.505404054109425571e-01
1.580464451870423059e-01
3.099399919181689000e-01
-2.761149809584513282e-01
-6.430618926127035229e-02
-3.745451275470879082e-02
3.595290104332238279e-02
2.891391519070142246e-01
-2.326170296425127404e-01
-3.359700321128519240e-01
-1.752172790068057262e-02
9.520282180594027976e-02
4.379720137436358129e-01
1.005863329310574095e+00
7.435289650110540327e-01
1.082310851952283048e+00
4.438028687647923021e-01
7.182451364778705827e-01
1.626787796560270172e+00
2.531248199849043701e+00
1.072301693439487114e+00
-6.943507497314502785e-01
-6.831051040678903785e-02
-3.273151511007873493e-01
9.777937634690384017e-02
3.068605804833619000e-01
9.114453033622051947e-01
-2.348194998461483607e-02
-3.783822393366303993e-01
-1.308978941453630140e-01
-3.612662111998093950e-02
1.889061072449791934e-01
1.806386649123395416e-01
2.335478136571734198e-01
2.897480634510161690e-01
1.235446446897658923e-02
-4.349286227317195053e-02
-1.614529549678089260e-01
-1.475072595262026387e-01
-1.429409470812786909e-01
3.599596360226756664e-01
2.888320813211389115e-01
9.046134260313374309e-01
1.033293896849679427e+00
1.169949549710040060e+00
1.218561939502427416e+00
-8.838416250013081399e-02
-9.363513213813962066e-02
-2.422456618000986550e-01
-5.241200493792609327e-01
-4.329546558050401117e-03
1.928867344309539711e-01
4.431017968700782239e-01
6.029169441924963069e-01
9.434113880918231221e-01
1.164054938035061326e+00
1.084617269443713283e+00
8.616700334077516121e-01
1.105131131019275514e+00
8.012479078835824664e-01
7.355223298975041013e-01
7.522901050408612456e-01
4.624776309655426187e-02
2.833186212247750801e-01
-2.933574504449815157e-02
1.240704500827518597e+00
8.206007408091336996e-02
2.787965122310298582e-01
3.370142831992575250e-01
-4.017105205572385485e-01
-1.209923322818001190e-01
-9.146854451564352395e-01
8.643262326118417160e-02
-1.321163435238580819e+00
2.322709867540876105e-01
-4.552264769711766856e-03
5.825247709829867171e-01
1.269863365574670777e-01
5.190629825307382372e-01
2.895935113545987649e-01
2.780999131624537490e-01
6.977585750974377721e-01
-2.664534698532382562e-01
-4.116474082466048401e-01
-8.094542611516009067e-01
-5.552776268518535563e-01
9.524382900753469716e-03
1.874944496130014904e-01
-9.122717826926551865e-02
-5.908327809484816839e-01
-9.951897507189528813e-01
-3.416396283203975148e-01
9.757411084716172134e-03
3.252501029621147621e-01
3.073935844962308317e-01
-3.824988595205430775e-02
3.259188167304348238e-01
1.976100881046281565e-01
-1.301904389544280005e-01
-2.269668189137754033e-01
-5.684785093714199711e-01
3.574255901408772695e-01
5.198334322475909319e-01
4.877048471805763841e-01
3.638249055721806124e-01
4.578959246676173045e-01
1.638081917286854372e-01
6.531590937815542341e-01
1.568899003982229257e-01
4.132891894368921903e-01
4.162522149289117346e-01
3.480454812409915499e-01
3.529918744736092462e-01
2.720149617954557564e-01
4.195775001027974849e-01
-1.754611226807500923e-01
1.521041563531723151e-01
2.084633021512814488e-01
1.382303266846817424e-01
6.827612910492625309e-02
1.982239712550900590e-01
-2.946158587657072836e-01
-1.360540736180954058e-02
2.939015950523371501e-03
-1.030874000772402432e+00
-1.364612633544534104e+00
-2.886177187328385685e+00
-1.663270818669164708e+00
-5.160419610088340381e-01
-2.595545166263961701e-01
1.790793773775734010e-01
4.372067570288341587e-01
1.970431571607150212e-01
4.046463219108337728e-01
5.035965772507801086e-01
3.926846250480895417e-01
4.704965667338006918e-01
5.182107945551214234e-01
3.125025864175672852e-01
1.650822784637966945e-01
3.345771656466827171e-01
1.051276720037020995e-01
1.141969438960092897e-01
4.878816659630214603e-01
4.058918832735955995e-01
1.989610989562494159e-01
-9.052030217215478736e-02
-3.204614681143469479e-01
-8.941448827539111299e-03
2.911198903587012277e-01
3.159237191524900679e-01
3.250562470967747752e-01
3.766129883719865346e-01
3.428062817000312457e-01
3.183554352344167282e-01
3.890910817827817336e-01
3.704172760092956374e-01
2.417915222518332297e-01
-6.186723293316385153e+00
-1.044371002627955569e+01
-5.497484425540176467e+00
-6.156277051428189040e+00
-3.973933284524014731e+00
-4.931602768479957710e+00
-3.038079978495558997e+00
-4.809151853323272441e+00
-3.629762737469802047e+00
-2.503963828030071781e+00
-3.233515679218300853e+00
-2.307758747871711869e+00
-2.478071609094405048e+00
-2.400876255977864915e+00
-2.231549845644974717e+00
-5.198207679839578432e+00
-7.139654774133004977e+00
-4.072475997949664972e+00
-5.555947136978996781e+00
-6.561248916025070876e+00
-4.926363351276283886e+00
-6.546756226699001147e+00
-9.244017448183649677e+00
-1.244123465461756872e+01
-3.458708311443690064e+00
-6.591202916743015727e+00
-2.303560794640085341e+00
-3.569398675512857722e+00
-8.166354383190437716e+00
-3.614638143089462297e+00
-4.635030842799142903e+00
-9.899383945119003769e+00
-1.019456862083099580e+01
-8.700707657138336160e+00
-7.781828893024367311e+00
-1.103904801659358981e+01
-4.316982170984482892e+00
-3.406050857802178200e+00
-4.442303209442388656e+00
-4.585448264533586560e+00
-3.405379838059534592e+00
-3.536947118456815531e+00
-5.648452239796929675e+00
-6.397763473908709919e+00
-6.498990675609611856e+00
-5.945012814324875272e+00
-4.324836568953197791e+00
-5.077905057089565410e+00
-2.797882283858152519e+00
-2.601076810071873524e+00
-3.749331844736158992e+00
-4.351917050143148558e+00
-4.989426629014844572e+00
-4.207523235893257940e+00
-3.065489080824992385e+00
-2.565590659456748135e+00
-4.617847957773968837e+00
-7.724694729055552322e+00
-3.520395441864039299e+00
-3.934940867471139470e+00
-6.566453652985632772e+00
-5.439015514468273693e+00
-8.213536760534459802e+00
-9.145780895020365620e+00
-8.426901602897277854e+00
-3.796535730383873819e+00
-1.174820103089081247e+00
-4.799560456052078372e+00
-7.485584692752754954e+00
-2.576516133723770530e+00
-2.483301870456207538e+00
-1.492064754109022839e+00
-1.514672977955404010e+00
-2.538568810994681790e+00
-4.563502563421804936e+00
-3.815003914259511575e+00
-3.074964842702192058e+00
-3.811911980049672799e+00
-4.888106943785535563e+00
-5.588427057574202550e+00
-6.239749756767094091e+00
-3.696533702767947460e+00
-3.227087555946439146e+00
-2.168003068387793775e+00
-3.672315391912168714e+00
-2.879333877331260894e+00
-5.827180367913432413e+00
-4.320124551531081991e+00
-3.874928914901707877e+00
-6.982604538696803864e+00
-3.217223585691184162e+00
-5.369050149571375385e+00
-5.660727028478608425e+00
-8.167313076026532226e-01
-2.062363317684783759e+00
-2.438010620570943310e+00
-3.854205793553192372e+00
-3.237620859329763512e+00
-5.367877854785605862e+00
-3.290198421003175611e+00
-4.538994553272864607e+00
-4.566527033171451144e+00
-5.652942022824826829e+00
-5.261517500478122500e+00
-4.911294321440745847e+00
-4.712188085230128998e+00
-4.866657885908581171e+00
-8.550951024992299310e+00
-8.611963882068463860e+00
-6.760831179732129215e+00
-4.359372544581405329e+00
-5.815525199658172717e+00
-2.060841426818015520e+00
-2.730257992098081843e+00
-4.603754324618162919e+00
-4.723859268609212236e+00
-6.244562031591322615e+00
-6.722102112555869979e+00
-7.229302989342578201e+00
-3.281636190702335476e+00
-6.085703323012665145e+00
-3.927853678058944809e+00
-6.162319256496765263e+00
-5.200986183326218537e+00
-4.303714842062796642e+00
-8.886676154881458345e+00
-1.163869610913065245e+01
-6.822371411681150022e+00
-8.012764444520591667e+00
-1.255585163166594853e+01
-7.016484328267093673e+00
-8.821138729558336777e+00
-6.557865237624119104e+00
-4.859755058223660384e+00
-3.171456054856710338e+00
-2.908925431535233308e+00
-6.422458549141724760e+00
-4.955959103797744625e+00
-4.190079069225704167e+00
-3.287024480248958547e+00
-2.997549543000022076e+00
-3.885064683765389049e+00
-5.668971198478494955e+00
-5.485829689458762815e+00
-4.476990580310780565e+00
-6.119191506822756921e+00
-8.772910938338124964e+00
-1.028645444589667557e+00
-2.864905930652172472e+00
-7.179620812193706847e+00
-5.860646717784823601e+00
-4.867507245043431574e+00
-8.577546802771159662e+00
-6.113557289233032321e+00
-5.920115166144314323e+00
-6.704687893033996815e+00
-4.920980407283363611e+00
-3.889528546466302750e+00
-5.317512738654919247e+00
-7.590682268048592363e+00
-6.879183162721260736e+00
-4.633932605098734392e+00
-4.451384599852201696e+00
-5.206586551105985450e+00
-9.986366967443730758e+00
-1.044011155719497985e+01
-6.157746011499622085e+00
-4.377105884429139060e+00
-3.124043930894859322e+00
-7.555850252750436979e+00
-5.254803772225802305e+00
-4.038709724223506825e+00
-3.700880317675566467e+00
-6.444372394543755433e+00
-7.941029682654993316e+00
-8.675765154654012434e+00
-5.088440560156012538e+00
-9.399140168437169152e+00
-9.619471991739386496e+00
-1.002553478740435899e+01
-8.776940454604662989e+00
-1.107592835709103163e+01
-6.774958543471117700e+00
-6.076113753904972548e+00
-4.525926255714741053e+00
-3.304010576106220398e+00
-9.037022441107632531e+00
-3.329698754668828364e+00
-5.290071759894508396e+00
-3.890076502552767934e+00
-5.697244879410654939e+00
-6.708510538071772444e+00
-1.227044542335375787e+01
-6.352337505004925333e+00
-4.997287952424007251e+00
-4.254107205792108104e+00
-2.179624050620137865e+00
-3.823507188792466316e+00
-5.941301592883838190e+00
-3.658370073425171398e+00
-4.952124659147283836e+00
-4.625098727570118307e+00
-5.120205245244600079e+00
-7.948947927573379424e+00
-7.577821354231233819e+00
-8.497057184643008299e+00
-9.583362024471574259e+00
-6.234692830322698498e+00
-8.026736902870906576e+00
-6.089753023795888787e+00
-3.918749310052266566e+00
-3.733418971464478320e-01
-1.991570907386682743e+00
-1.289279895567209122e+00
-1.993611754120433899e+00
-1.868749421494846574e+00
-3.685587480114778103e+00
-3.432114487472747832e+00
-4.642166467308975975e+00
-9.649864466639114013e+00
-1.127475819091671383e+01
-6.501805046306916580e+00
-1.144295654819423724e+01
-5.749823073348201419e+00
-1.246343246431202978e+01
-1.108742550202378219e+01
-4.616879388021266628e+00
-5.177326278403165283e+00
-2.585026814783211613e+00
-3.920008386309389081e+00
-3.762180633706040389e+00
-8.139349004727465697e+00
-6.005738277403366965e+00
-7.747923158416127443e+00
-7.854059560446898125e+00
-3.572142369021341857e+00
-6.799898849592837635e+00
-8.456243924917338006e+00
-1.120170726137326334e+01
-7.650518473799676755e+00
-8.767484736975912796e+00
-8.916783312150139196e+00
-9.328339436806173168e+00
-8.342659813611668085e+00
-7.271975450068183022e+00
-5.735411565460153405e+00
-6.573242220208497244e+00
-7.323180063424507225e+00
-8.606570285118873009e-01
-3.336833362910239131e+00
-3.635944830417024320e+00
-4.275221040424082020e+00
-9.893515039591326499e+00
-1.630231168014961085e+01
-1.529116093072742721e+01
-1.755353302537159621e+01
-1.551181485512818803e+01
-6.276187416519181994e+00
-7.831861524718690681e+00
-1.340963314014699215e+01
-1.126319565890518781e+01
-7.849457133369040385e+00
-4.720767008434871848e+00
-3.927139926731272546e+00
-3.094912817942895522e+00
-2.794582716958787572e+00
-6.075378771211811468e+00
-1.578325587117536877e+01
-1.392415638255807941e+01
-2.388623812897657572e+00
-4.010200588965713742e+00
-2.770084154136870147e+00
-2.929568004579879315e+00
-3.320894414834289599e+00
-3.115825809109241007e+00
-3.137040617597532943e+00
-2.523784814110661578e+00
-6.791587285029451415e+00
-5.022055136246115659e+00
-5.917037698776954180e+00
-8.061013545613088027e+00
-9.647327028092664847e+00
-9.330901107367315817e+00
-9.043879808433628043e+00
-6.068143241697574020e+00
-1.008851706600995968e+01
-1.271746574548689956e+01
-4.099437779048075825e+00
-4.665745155213666173e+00
-3.120747059116102839e+00
-2.280375910346089441e+00
-2.584318253060851944e+00
-3.977859666260166627e+00
-1.850098536869414056e+00
-2.365177672512489337e+00
-3.198493694544811028e+00
-3.086630474687438230e+00
-4.512953110237334364e+00
-4.940963456110167407e+00
-2.689591345933995292e+00
-5.150735895214561211e+00
-3.326471898731761634e+00
-3.107557946806687177e+00
-2.457071142886496418e+00
-1.192674259530139169e+00
-8.667955294323406168e-01
-5.669251582176705329e-01
2.355302013194622290e-01
5.248011836011280407e-01
7.931396601115862088e-01
-1.011227676198183323e+00
-1.024275451157862449e+00
-1.298334226029356442e+00
-3.452203347903757269e+00
-3.853356731500679366e+00
-3.733518493508586999e+00
-2.605683134684516844e+00
-2.077928964349117891e+00
-2.206845151877484312e+00
-3.244563207087445278e+00
-1.332171596330884222e+00
-1.366657849015698423e+00
7.325028422114930882e-01
2.238143018959570796e+00
4.944353686551189453e-01
-5.851299504618747704e-01
-2.891390029228020353e-01
-1.693561475983007547e+00
-1.266639462717469078e+00
-1.129515562770842418e+00
-7.249970156296023927e-01
-2.607095972368932424e-01
2.915047832684652951e-02
-1.031968097323692213e+00
-1.890199821157533711e+00
9.661548874697198919e-01
1.460986175744979354e-01
2.153881796102954382e+00
2.161795083358692970e+00
3.556512409547087472e+00
2.165469462777157794e+00
3.026531723532930762e+00
3.153032984025034402e+00
4.227202604133924346e+00
2.075284700177424391e+00
2.390834712490939040e+00
4.456366690708464695e+00
2.896302558385730919e+00
2.309790711795959517e+00
2.575298003203824848e+00
3.846998105576774130e+00
5.823160973855394218e+00
7.545179517281169979e+00
8.782823488361083619e+00
6.012626226572170829e+00
2.124209205433042147e+00
8.385646982557257711e-01
2.509463297314515451e+00
3.244830566197196120e+00
3.673484681966076693e+00
4.875655389977332277e+00
3.673214008350308646e+00
2.708329411285139265e+00
3.409515683295118116e+00
7.280809135937006182e+00
1.193185598501809785e+01
1.120397366997214128e+01
9.743706496007607853e+00
8.447612518598796028e-01
9.640335583812875697e-01
-3.588342239383838006e+00
-2.479269279747541965e+00
-3.072452467210887939e+00
-4.951396106435257849e+00
-6.636467166261954986e+00
-4.316413943650621476e+00
1.577253184264720387e+00
1.028092736034693644e+00
1.677077438328476111e+00
1.843293683272565264e+00
1.469927701399105668e+00
1.667991726764234572e+00
1.878758017322368135e+00
-6.684890457532793873e-02
2.896778708462248719e-01
1.270722846658062788e-01
5.524877092359431474e-01
-2.238277082470023771e-01
2.245018021101397032e+00
1.039422955316374964e+00
3.731814399446893860e-01
9.564913952347815496e-01
6.475799790521939991e-01
6.614356867892074998e-01
9.742419389010154029e-01
2.389126595454522217e+00
2.473611783280775356e+00
3.121886907615915696e+00
1.911392156786399177e+00
3.640319944052459178e-01
1.369551422044839706e+00
4.240858051014900987e+00
1.979595048552077463e+00
-1.948784623494396184e-01
-6.080674201101154974e-02
7.543935075191869899e-01
1.341995091036923604e+00
3.773701420288726460e-01
4.106623229541307984e-01
1.997617093289356660e+00
1.529394977436631775e+00
1.341435228565118987e+00
1.764992575536331598e+00
1.501876348068530875e+00
1.524269673072005560e+00
7.984914165409398024e-01
9.322439950212163540e-01
-2.945210852727410789e+00
-4.712130492610989485e+00
-2.258105921690636286e+00
-1.125816233403301281e+00
-2.156340483787601237e+00
1.698132121677102258e-01
2.294905711250057323e-01
8.861970103250574327e-02
2.202707578437807179e+00
3.526087842058306165e+00
5.056745910383447118e+00
4.844627635060232862e+00
4.261046294170109938e+00
5.094806965947646482e+00
6.935997878084285695e-01
2.923788170586128388e+00
-1.570033235167131780e+00
-2.589302782693524208e+00
-3.202932493755525911e+00
-2.720863308613393095e+00
-2.524859334054125881e+00
-4.244219961875718816e+00
-3.003893021917393824e+00
-3.560125675523043043e+00
-3.709923480020445474e+00
-4.959947099826141681e+00
-3.567874311921047870e+00
-4.577652238643840299e+00
-6.768232688877335868e+00
-3.504126285136579533e+00
-9.023917766191453804e-01
2.419845137662339218e-01
-7.940796746987943688e-01
-2.528198371344843487e+00
-2.081143111382946387e+00
-7.047903588436897904e-01
5.269819071691344003e-01
6.121616257965952768e-01
1.360833364726874217e+00
1.339807434189397295e+00
1.061437340758071723e+00
7.729755941744819170e-01
1.646860329325662287e+00
-1.081027958474100492e+00
9.675078889466864895e-02
-6.797831325626080279e-01
5.491418751218838379e-01
2.089212392780914751e-01
6.548213050487394771e-01
-3.859849001168312865e-01
6.551607604501409332e-01
1.028614829914606066e+00
-1.790036704588598426e-01
7.390272274889503334e-01
4.202908098825800520e-01
3.089741033096372047e-01
1.821771968782648354e-02
1.702654192465108407e-02
7.532843163172486811e-03
-1.010986046908255998e-01
5.878808259312641171e-01
-2.074546705318231155e+00
-1.853310302439022506e+00
-2.962600009357757358e+00
-2.371339302187542408e+00
-1.721747667659352610e+00
-7.612810187224916536e-01
-9.012917945922898078e-01
-2.521526834010068718e+00
-1.307702591198127262e+00
-2.150013087128004763e+00
-3.600502121750977835e+00
-1.662900726396686180e+00
-5.626539478910412839e-01
-4.945402597011058221e-01
-2.910367339378474583e-01
-2.306472507698274832e+00
-1.229454817850288650e+00
-6.514747923973389643e-01
-1.586004490187152616e+00
-2.177726688248786679e+00
-3.324747533698955593e+00
-4.008447542392222118e+00
-1.131040551559095775e+00
-1.261405736127318544e+00
-3.538145224638626019e+00
-1.849700362952274579e+00
-2.970364640077661988e+00
-1.007907594691037190e+00
6.571989191029493638e-01
3.562122014498868339e+00
6.152737133348466614e+00
4.774719527279065900e+00
2.040240685004934829e+00
-9.200133260421126113e-01
-1.498167854012763422e+00
-1.058832152293331719e+00
-3.044589862946978087e-01
-1.257460347901667719e-01
7.214899406003354443e-01
1.684331658096094309e+00
-1.952344504946113668e+00
-3.140888318083789876e-01
8.085733265916340562e-01
1.298561214278804776e+00
1.305827587693592307e+00
9.865791903361336157e-01
1.167280846962428065e+00
1.555375931697221326e+00
7.570118847881333046e-01
2.257960153464164677e+00
1.962115727692183453e+00
1.411428162633956873e+00
2.010492311546625110e+00
1.484237573333165416e+00
-4.931912384284913298e-01
3.398626663731804110e-01
1.033655808081710870e+00
3.467096044334640581e+00
3.986049103984686148e+00
-1.092363887578692294e-01
-4.824999371253990255e+00
-4.222776750523910216e+00
-4.962743225023862337e+00
-2.633313977689204499e+00
-1.914604709174049790e-01
7.560826368699777866e-01
5.882307040026796274e-02
9.440337044767389552e-01
-6.299833534406773516e-01
-5.654482278830270658e-01
-1.119198607037225957e+00
9.390090567174715908e-01
1.007138131584571994e+00
1.123994446114110701e+00
7.683924496342295907e-01
1.362400293131071694e+00
2.184931956733199954e+00
7.917568912169931084e-02
4.307081913296628706e-01
-1.894718371732479367e+00
-2.289837363592698516e+00
-1.191235308551894301e+00
-3.130405811975408348e+00
-2.499981395492580027e+00
-2.861652703133839459e+00
-1.664533278853277176e+00
-1.951152767829843038e+00
-2.866575843789662681e-01
1.398268285696518731e+00
1.562734263564354409e+00
1.284630220763356201e+00
4.343923248937510140e-01
-1.933243271682977271e-01
2.291974084985290427e-01
2.950892573388628648e+00
-2.814559925243313998e-01
-3.644858412846340379e+00
-8.668882951050393970e-02
-2.210048016728020648e-01
-5.073698535955366573e-01
-3.457649243369339764e+00
-7.497035189220038198e-01
-1.835520602544534308e+00
4.874319525836847689e-01
6.343293732296600984e-01
3.305681621202749554e+00
2.052470867408767941e+00
9.616424063019763935e-01
-3.301302885187087810e+00
-6.579243759212428655e-01
1.096695509722994899e+00
6.031454517097489809e-01
-2.032172117532272004e+00
-5.696896645849867102e-01
-2.350528293247177158e-01
-8.513741029002301897e-01
4.103168459119242328e+00
5.583019844031524848e+00
-4.414806324348688804e+00
-7.935648528378131950e+00
-3.507772593524306259e+00
-4.276526647554369731e+00
-1.094637573728946656e+00
-4.626354891225302524e+00
-2.660020481978047968e+00
-2.050866721491789946e+00
-2.114360765506297035e+00
-4.993061983860144215e-01
-9.465540357009083472e-01
-9.637905812647304948e-01
-2.553604317955580072e+00
-1.785990258511970241e+00
-1.866070541938251504e+00
1.773523484564163422e-01
-8.073612495411177647e-01
-1.520417344831702877e+00
-1.711045995329572023e+00
-1.223627064510767415e+00
-1.740174608938055867e+00
-3.268533339113781189e+00
-1.237259758584659197e+00
-1.623871690982721105e+00
-1.872622604020215631e+00
-1.277491129883469023e+00
-1.602503752144372795e+00
-1.023078916828232376e+00
-7.506782227602499802e-01
5.274119639918819491e-01
1.440112325901041102e+00
2.052270488381426006e+00
-1.687464812267913672e-01
1.613259073314696979e+00
-2.559483381344758612e+00
-1.387157613212836038e+00
-1.641485675177548842e+00
-1.521636027458991292e+00
-5.745643507194955202e-01
-2.978595786021398517e-01
-5.859858069631778132e-01
-7.276897589907201924e-01
-5.363559717075481181e-01
-1.043585655392701206e+00
-3.537376754857180394e+00
-5.563487722598106089e+00
-6.028610655976937238e+00
-4.899501780996724953e+00
-2.931919576278922079e+00
