2.382073799665229696e-02
7.985431739701787102e-02
-3.823155728418399235e-01
8.250212265849987681e-03
8.309879105822137735e-02
8.930138965977052479e-02
-2.178398903712944756e-01
1.886953818764838253e-01
1.256634199756285764e-01
3.191576756244710600e-01
-4.093209794413534830e-01
-4.913806171242897092e-01
-1.713077421423070401e-02
4.642268144180394795e-01
-1.419601414998918898e-01
2.764852588189957716e-01
4.993653116614762411e-01
5.074155396020800790e-01
4.245591137880353472e-01
5.205418508132746425e-01
4.246188893495754790e-01
4.027459537566731029e-01
5.309544727840262990e-01
4.890673954360411635e-01
5.572417835364782412e-01
4.273929143712900114e-01
7.232798931447690371e-01
1.202163877301812844e-01
2.330724207319821994e-01
1.258985710347376719e-01
-1.552164645036658852e-01
4.187942533768511666e-01
2.794743090227496118e-01
3.668540852877115732e-01
4.834664851699352894e-01
2.565026676935489025e-01
4.702161678284491053e-01
2.418626186652017562e-01
3.248076514154176753e-01
2.154933156922601567e-01
3.305773522441759482e-01
6.290154642609189217e-01
2.710462529964796641e-01
3.693602549190755369e-02
2.096558415454837787e-01
-5.501743831618499669e-02
1.196864334087270887e-01
4.911044095995928949e-01
3.474322998373305937e-01
5.046636576652501205e-01
6.825222125361998238e-01
6.699850256334820564e-01
3.408406764332583272e-02
4.622517801652334946e-01
2.274066055121706231e-01
3.695314203009112397e-01
2.735659318884635649e-01
-1.389469999612102935e-01
6.031120179965598904e-01
3.752863649949045310e-01
2.710521250369323232e-01
-2.408037881814302228e-01
-2.114550065904687859e-01
-2.346375727876167661e-01
2.004064446605804406e-01
-2.980060146065832694e-01
-1.164235781997091657e-03
-2.334528421152071154e-02
-3.856081158629318661e-01
-2.881800667189718945e-01
2.673628199318389687e-01
3.746727904357216588e-01
8.493214052101905054e-03
-3.579766750968638167e-02
5.201989966613411731e-01
-1.324840278557554152e-01
2.561075924047736541e-01
4.323039617528596779e-01
4.754967386467114920e-01
5.282313697405391917e-01
5.542722196170337678e-01
6.215447407929990398e-01
6.087381483086584666e-01
3.971771224541869039e-01
6.110998912420821938e-01
6.597667317007829269e-01
7.714254239987980988e-01
6.725512353241174246e-01
6.165914211330150163e-01
6.063531632541505623e-01
6.955045542578708329e-01
4.382244377012791681e-01
5.231405476128596632e-01
4.676614335996016614e-01
-2.077252698263238884e-01
8.919667489137728111e-02
5.016635327594465288e-01
6.262687150352750365e-01
6.721544394368343944e-01
7.381705056105651863e-01
7.813631511574175015e-01
6.522560236747620976e-01
6.369699393342886928e-01
3.974721718766802692e-01
6.111448969824802013e-01
6.392169732807426730e-01
8.247803500926069731e-01
6.750495764290200817e-01
7.536515842464974746e-01
5.908116698745131679e-01
5.882514174678135088e-01
6.496703969577597437e-01
6.624233205207468167e-01
-4.737219616784161813e-01
-6.966935809207958075e-01
-5.018238759452633424e-01
-5.154963933453091673e-01
-2.349944590054813265e-01
-3.286276846989041323e-01
-1.590367079612303725e-01
2.707316316982988358e-02
7.978963516429871117e-02
-3.013361188107201993e-01
3.441664167179903089e-01
1.105164648094985047e-01
1.917422763708341860e-01
4.187637858093937737e-01
6.084416956037030921e-01
6.058829210118097386e-01
3.220181684553866663e-01
6.722194232666964808e-01
8.326667740150550667e-01
7.181375938190979191e-01
6.241186557649336386e-01
6.624104707440849893e-01
7.107484216747081973e-01
3.973502061417122366e-01
5.283026830015713493e-01
6.546634407169840131e-01
3.670288088638233859e-01
7.917442935952059280e-01
-7.373677210420689354e-01
-8.641613123534276353e-01
5.194792315246292702e-01
5.696404522548892402e-01
-1.011944465425087980e+00
6.053171558030734367e-01
3.442388634569606420e-01
4.833109826919086416e-01
-1.855927501542606661e+00
-2.264837015235011020e+00
-1.407216777008648112e+00
-6.017802269926505465e-01
-1.118046052771309418e+00
-2.852563909751268945e-01
-2.917507097065342725e-01
-1.307989984744361678e+00
-7.830781909776193261e-01
-4.716014210983691113e-01
-3.559883749504236805e-01
-1.662379681736036563e+00
-9.859173178627955725e-01
-1.792300271524481792e-01
-5.237044299577953144e-02
-2.682725896079447558e-01
2.001549203402299693e-01
3.552750211399798852e-01
5.773043750445763234e-01
6.465650736494303885e-01
6.137582491350461744e-01
7.917346931201536542e-01
4.490654904127833191e-01
4.107918865022246457e-01
8.094508269082569818e-01
6.801102973511887750e-01
3.558386043382985031e-01
6.594226016896473919e-01
6.875711469235405993e-01
1.623276759911687073e-01
7.408082564734788100e-01
5.673398049139315447e-01
7.687386456290898895e-01
6.954049433674562852e-01
-4.497847900521845244e-01
3.913947221622318118e-01
3.527567725533947707e-01
3.970503503903950460e-01
-3.045186639950769880e-01
1.136136009036395889e-01
1.619627726739456541e-01
2.734655981871454422e-01
6.083557528829193206e-01
3.889058159865914632e-01
2.621532453775059501e-01
4.379150416499448806e-01
1.198640180317670501e-01
-1.132714844118305475e-01
1.528813747846193838e-01
-7.857789107641163229e-01
-1.884961569721225194e-01
-4.981759021309374313e-01
-5.218384646785267922e-02
4.401624363893674730e-01
-4.399750549813071787e-01
-8.431885673288364025e-02
4.875265372293235977e-02
7.146945584842634425e-01
2.762434843320121791e-01
6.589835048794232542e-01
1.132047241940961069e+00
-8.090565132507687718e-02
-2.587761840535526270e-01
-1.772604750053230482e-02
3.126711112692677208e-01
-1.492154708518453887e-01
4.907730105561349809e-01
5.824089916134440603e-01
3.886023560451732362e-01
6.235310039907195900e-01
2.993301469358576883e-01
5.097437465556233782e-01
6.468408561256180356e-01
-3.749650614572265228e-01
-2.007912353727642873e+00
-1.301590290910440428e-01
5.999011683093800062e-01
-3.908830087611059323e-02
3.330919395699277752e-01
-3.901458765696330655e-02
-2.846948326107363592e-01
-5.391452193185181097e-01
-1.185837137119120310e+00
-1.856623778278749359e+00
-1.357768004154288999e+00
-9.690815931082300549e-01
-6.426039815099793273e-01
-8.643381117502978439e-01
-1.202845279651845178e-01
1.254063237837675926e-01
2.674690848563946455e-01
2.416654531307392828e-01
3.049630431902249361e-01
-1.684983515022456801e-01
-1.127354748009543162e+00
-1.400776150697194300e+00
-1.212007396865601772e+00
-4.987803921502512727e-01
-2.185446995257426250e-01
-6.524620651957747652e-01
-3.793770805800704693e-01
1.884571923270493832e-01
4.024424691609103100e-01
-5.178962872487058444e-02
1.709450176504095920e-01
-1.091087434967590752e+00
-1.427528085047115036e-01
-1.164222553912829250e-01
3.994799603128762477e-01
-2.848411524518152937e-01
1.254758216910452084e-01
2.790089026261088900e-01
2.504653685001824170e-01
6.925615181769964046e-01
2.272717137431388146e-01
5.833034182363328046e-02
7.355713975813347183e-01
9.877155238497974388e-01
4.462564004787523686e-01
5.491182733007642369e-01
-2.323192996677569955e-02
6.133408658475072439e-01
-3.414038966666959052e-01
6.144070112902721981e-02
8.293152562435868180e-02
-4.874949868496918359e-01
-5.974295232355438801e-01
-1.713264945468573330e-02
-5.769175502689856128e-01
-8.469301925520916763e-01
-1.018670307052788937e+00
-1.395775827694721860e-01
-1.001944626301848551e+00
-8.165650783811286839e-01
-8.776929564259070560e-01
-6.113281449370243648e-01
-1.094660551294621920e+00
-2.784376183729332377e-01
-7.751702430994766857e-03
1.375509306657525244e-01
-1.136943827551234021e+00
6.402571758449715489e-02
-4.571923088823193204e-01
3.385294146178217112e-01
4.485618936029693860e-01
-5.800833952718598141e-02
3.583265598930150952e-01
2.851747786724996292e-01
6.417609973127396117e-01
6.903460859988135301e-01
6.548007060614307040e-01
1.352373089637770587e-01
4.728789480370210185e-01
3.990557549464113229e-02
-6.726281405949889880e-01
-1.198755550685264293e+00
-1.812181664279789661e+00
-1.205776373861547235e+00
-2.302589378184891622e+00
-4.035182731707568360e-01
-2.410279024590403996e+00
-1.186659562881768215e+00
-5.979638596779837112e-01
-8.371265475054846528e-01
-4.438987317451502657e-01
2.585238767206886612e-01
1.195607094363216882e-01
4.725665456368814965e-01
2.738309082245570236e-01
2.995712728365204081e-01
2.097169499149108551e-01
-1.356339137425539576e-01
1.886865211265699172e-01
4.377657711002598262e-01
5.097958229806436314e-01
5.334786622282214896e-01
3.471015064366330671e-01
-1.935635612562553121e+00
-9.625661951596005128e-01
-5.297672076715967959e-01
-2.229749925593774940e+00
-6.086595566642410970e-01
-4.203588855241189304e-01
-1.689878733904019992e-01
3.186466527953111250e-01
4.404123359586256115e-01
-4.296275020541547862e-01
2.036048756012261984e-01
1.798750809192783962e-02
2.590919012181502890e-01
4.930973349276612794e-02
5.215520994431099844e-02
-4.857629958827314187e-02
2.270891707182038921e-01
5.200108506819960397e-01
1.946180086210448357e-01
5.722651796749618214e-01
6.136936912056178972e-01
2.561826198413015288e-01
4.216325150659092635e-01
2.271088243438980081e-01
4.590377832353120802e-01
-9.999548854581485902e-02
3.500128654811621720e-01
4.965528771115468309e-01
-6.657000390932592548e-01
-1.428413178800448380e-01
5.168636562730122286e-02
-5.017836853305172040e-01
-3.150974734105181918e-01
4.129834426303862216e-01
4.939541284556345779e-01
-7.716004804043268273e-01
-1.326827457159777124e-01
3.720988322147933403e-01
1.828778367938952432e-01
5.567220460716617580e-01
3.192313243111757348e-01
2.505678737146391777e-01
-1.388810556617311454e-01
5.749151572681017175e-01
1.342211264574758811e+00
4.062127177171048764e-02
1.383996061091130603e-01
6.266512664732004634e-01
5.778600135566995810e-01
5.984825830717896977e-01
6.035812155901854048e-01
7.664911233517419653e-01
6.395605383125595456e-01
-7.378141176303931736e-02
-4.704749192475735642e-01
5.834069665327912269e-02
4.216197283046829725e-01
4.298114508006727341e-01
6.240641923227028265e-01
-1.018994925227267867e-02
5.072656808810169782e-01
6.676560330368865870e-01
3.254232088649506860e-01
5.075872184531080578e-01
5.600361612554345392e-01
1.476176173087024868e-01
1.474989718577381925e-01
1.832335441673056398e-01
5.231310630599264044e-01
-6.141598901832574509e-01
3.161954722350738267e-01
4.994097172757754333e-01
3.419489827168161744e-01
3.944822303944595099e-01
2.398338509680419950e-02
-9.682316025689789996e-01
-1.986030665829725539e-01
3.043876839405759149e-01
5.459930100270931064e-01
-2.913944051585010131e-01
1.376399061366613275e-01
1.318036332627885443e-01
5.835854341443014182e-02
-1.514779531426806436e+00
-1.140889489883734953e+00
-1.333476881824229299e-01
-1.395811729684117708e-01
2.296464252426893005e-01
2.558350034917680205e-01
5.144033805080512334e-01
2.962938449245609007e-01
1.136967144356298975e-01
-4.194676759084818851e-01
-1.610841443851287025e+00
-9.748716544322988398e-02
-1.165910098007514328e-01
-1.720516435642214237e-01
-1.303862260836038178e+00
-1.259932322010953509e+00
-1.521031294967688741e+00
-9.521520691005901371e-01
-6.253358146088071612e-01
2.956233419018121644e-01
-9.066266815222512321e-02
-4.706343418701515180e-01
-9.982444875808363927e-01
-1.065311595952554313e+00
-1.790196459889384917e-01
1.343845469860742714e-01
6.766829453270450934e-01
6.360542934978996588e-01
4.486184856980512947e-01
4.727064698290832645e-01
1.484361007228174323e-02
4.351934726920438923e-01
-3.821334426617817304e-01
-2.947852869040795687e-01
-2.214671025661185677e-01
1.444779299380039017e-02
5.225416972501921720e-01
2.618084101238550288e-01
-4.809279461527918853e-01
-1.099633925389706945e-01
4.132332269171130612e-01
6.005196253138445073e-01
7.738793017815077668e-01
8.790703489340581100e-01
7.107530172418958792e-01
7.109151630675829558e-01
5.415865431071380520e-01
4.965889649274721762e-01
7.076600510944373035e-01
6.899107085526519079e-01
4.405107178220579733e-01
-1.048209359012698627e+00
-1.488323274495362281e+00
-1.015763513962312015e+00
-1.019138844275444322e+00
-1.830682631670092597e+00
-1.313952036194512285e+00
-4.272814975825169892e-01
-1.179696240789749773e+00
-7.280518909591239263e-01
-7.587273797889003690e-01
-8.743576377499996388e-01
-1.940175072978700177e+00
-1.425140938848636463e+00
-4.102565130688272665e-01
-4.540979126012592015e-01
-1.167309491378156761e-01
-1.094632269552049175e+00
-6.835914118841999176e-01
4.487330346608642273e-03
-7.166527215153739583e-02
1.941554171849956267e-01
3.301497593253720497e-01
-2.323927446803364383e-02
-1.755735641841822625e+00
-3.695158756074832240e-01
1.068753045805336255e-01
2.528241268462382285e-01
-1.491670207257380643e-01
-2.381019032827892401e-01
3.329140304065666411e-01
-4.603856983102703193e-01
-8.421688986764563900e-02
3.968234186560108956e-01
2.726313108576738919e-02
2.733011242174717692e-01
6.390760732040750014e-01
3.944089354895494726e-01
5.361885316926227052e-01
5.596006486047695461e-01
5.571219879016648946e-01
7.664550808248300484e-01
1.414359853393188926e-01
-1.034764958445657079e+00
-3.489587725804530471e-01
-3.645297523349577684e-02
4.130097002302264286e-01
1.560657742016932081e-01
-5.496319935760484165e-01
-3.623992974338313688e-01
5.249382521410912439e-01
3.629415014325199085e-02
5.693249271712339521e-01
5.515332806665820264e-01
-1.554609445359634856e-01
5.093951346578715622e-01
4.024817696989118065e-01
6.974870389372962443e-01
8.504689644301293150e-01
8.946166363446779179e-01
6.139824844682566507e-01
6.496145759558920041e-01
7.080501968375139121e-01
4.437686642018454641e-01
-2.285847634881166268e-02
-1.466509536946377423e+00
-9.014002582990163770e-01
2.176087381448674751e-01
4.292397686591602479e-01
-1.514739578966213696e+00
-6.665510735904859319e-01
-5.329190692990910527e-01
-1.789134717745478609e-01
2.413309651393344968e-01
3.217569342257593501e-01
-1.573397555252232571e+00
-1.846472015574988523e+00
-3.763916263288392683e-01
-1.418937816740217794e+00
-5.431387315154689865e-01
-1.237666711908846251e+00
-2.143817129296170076e+00
-7.388973040012910554e-01
-4.785132814484238661e-01
-1.071926040754299425e+00
-3.020800326513983780e-01
7.953079165195442446e-02
-6.182900431863436186e-02
-5.528539365191945665e-01
-7.133721054480146595e-02
3.017116345117321075e-02
-1.538336612130724035e+00
-6.389771343208492382e-01
-3.997765188724603513e-01
-5.052959886570047576e-01
2.030322127738352078e-01
-6.387296580040630056e-01
-1.827757588706602432e+00
-7.452555271798639858e-01
-1.791032307077869978e-01
-5.394463830073111810e-01
-1.330346756867295532e-01
2.208860263318691564e-01
-1.146936809959543613e+00
-1.108051195429082592e+00
-2.064463403009475506e-02
4.477844280134513077e-01
3.299649179083355977e-01
1.916021706053764317e-01
-1.687294676011505956e-01
-9.314244405661912252e-01
-7.382874530655599843e-01
-3.656576900651375972e-02
1.132802175757209318e-01
2.528685513088355652e-01
4.266248145416533522e-01
-3.484976614418486829e-01
-1.099042102668291720e-01
3.662884715138519098e-01
2.762680862615717325e-01
4.429448174016854534e-01
2.818003887066734547e-01
2.090840274178926705e-01
-4.163793693891084668e-01
-1.809466469241707287e+00
-1.565227815884673079e+00
-4.887226805378912520e-01
2.581403766482927020e-01
1.445984225920460275e-03
-7.927105966134265769e-01
-7.757495066225937874e-01
-3.121824380375504138e-01
-5.158310512882019472e-01
2.378081648971388518e-01
4.181219348292359861e-01
-2.386087390486705262e-01
1.969468480817444522e-01
-1.011900570350840134e+00
-1.299177114758105489e-01
-2.783134064076517866e-01
-8.810209082688915672e-01
1.222022957440038748e-01
-2.880924984217226870e-01
4.481411509473680610e-01
4.857756994008761708e-01
6.337673783779207426e-01
1.260317483673883965e-01
-4.030532942673303864e-03
-1.074690516467231571e+00
-2.382362703329464759e-01
9.190033757925997193e-02
2.442216488715193146e-01
3.188302750775817707e-01
7.958865372703616270e-02
4.181262514423202958e-01
-2.407016996276353460e+00
-1.500800200334086121e+00
-1.872315757884059462e+00
-1.693325507571977084e+00
-1.323274516689735281e+00
-8.101787290012343323e-01
-9.487842913559352276e-01
-1.967169776360138123e+00
-8.203393498012279128e-01
-8.336970564231349634e-01
-8.472271787278130573e-01
-1.375860185979206340e+00
-9.753967378270423927e-01
-1.256701001335769341e+00
-1.205551406106892376e+00
-1.636838157323303511e+00
-4.441383786451088556e-01
-8.101116985168910212e-03
5.245314244874705878e-01
3.468782951970400541e-01
-4.638296296452409928e-01
4.270567585167239777e-02
2.095153852160265284e-01
1.710326564821356143e-01
1.679638373919239980e-01
2.714814633663276133e-02
2.238703796043984839e-01
-6.479606340881438609e-02
-1.311414760365336996e-03
2.616600367733165067e-01
-2.881387456723716323e-01
-1.544217160688479140e+00
-2.015881505305780586e+00
-1.470854967384017886e+00
-1.758990382052158186e+00
-1.179980876940851298e+00
-1.038922530253495680e+00
-6.561283912926139106e-01
-1.224867811182710264e+00
-9.620245280389306819e-01
-3.761650277179318103e-01
-4.167933055645836049e-01
-1.179554497118611156e+00
-9.653953705909343874e-01
-7.929731079725665932e-01
-2.696447868696716377e-02
-2.116530983685165346e-01
1.194307910233234349e-01
-1.719095589710057936e-01
1.256978206266552434e-01
1.014369442438218805e-01
-7.478114375048007245e-01
-1.490848308669890931e-01
-1.068275065588587536e-01
1.346624779496292668e-01
-1.620028310160084306e-01
2.733660925611034465e-01
-2.147433945093175645e-01
2.004911312003031520e-01
3.359407011891137884e-01
-1.066281094012259123e-01
1.827391305123751142e-01
2.763242857296412947e-01
2.677292899019927397e-01
-5.117243074787967139e-01
-3.014462963605517576e-01
2.081276243988694485e-02
2.847289837666459045e-01
4.455658363993122428e-01
5.176312536381006968e-01
9.232508631875901983e-02
4.455760910453991919e-01
9.229711747474877992e-02
6.107495476129178869e-01
5.123582410397400366e-01
2.754518873015898706e-02
4.675357156700998829e-01
1.259681761894533292e-01
-4.535201435916111912e-01
-2.948899069961755659e-01
-1.446645289196580642e+00
-1.958541039323388189e-01
-5.054472657543972458e-01
-1.724518332056509395e-01
-1.166434797101616461e-01
-3.284680318076678152e-01
-8.503165521113393854e-01
-5.772099398392320779e-01
-9.450750054543595180e-01
-6.835820105138123992e-02
-5.664874211758995637e-01
-7.133269588658708305e-02
2.846229861751151669e-01
2.992421047962608993e-01
2.907771234895699664e-01
3.611765770854178381e-01
3.249684878934823162e-01
2.506281589828428524e-01
2.879582610102614515e-01
5.409724262952400053e-01
5.384925348864906258e-01
6.136072626743682701e-01
6.799052150548299256e-01
4.594143889756034937e-01
-8.691343915843630086e-02
4.189141109186826917e-01
4.807844514397636715e-01
1.812422549484382639e-02
-1.668875580917617008e-02
-1.552393494757644543e-01
2.329294853598461446e-01
-4.500973892733605153e-01
-1.555968388892186027e-01
4.260105027158578306e-02
1.104270113308618573e-01
-8.569218319281585172e-01
-1.328884458740775543e-01
-5.215084946330261761e-02
3.300034930891768692e-01
3.046329374190832606e-01
4.240949612266973201e-01
3.638318039356265299e-01
4.805495894047653316e-01
3.665517251531202891e-01
2.820722020902987071e-01
-1.985664125485553377e-02
6.469743355911550253e-02
-8.705087429055337056e-01
-1.067863207166646067e-01
4.296057135267252747e-01
6.766220740050687965e-02
-4.402150678319597388e-01
5.275398965596349576e-01
2.759194531545623441e-01
5.042681812909015626e-01
4.458016327854399385e-01
4.859759566988248736e-01
9.559650456362800419e-02
2.794524989109773427e-01
-2.510327934250030646e-01
-1.750134496890209501e+00
-1.285473512155439035e+00
-4.748850554924205492e-01
5.164460805476589478e-02
-3.946405231120009294e-02
1.972841062584699268e-01
4.888087604812674236e-02
-1.819626163166896404e-01
-3.825327369204545302e-01
-5.531758114704010687e-02
1.377672671272333060e-01
1.407802022595570079e-01
-5.835596260896629417e-01
-9.077417377134638921e-01
5.478400520874038282e-02
-9.384976351115870141e-02
1.346914149869082866e-01
2.819767940077263502e-01
1.768020934444830550e-01
2.211678025068032349e-01
2.849631707290900540e-01
-1.739289014733805594e+00
-1.628481522151932648e+00
-1.485456305657592235e+00
-2.420830324908148645e-01
-3.321575800248436350e-01
-6.696127105906591881e-01
1.072000151207148644e-01
2.616131701110211427e-01
1.976792790991179771e-01
-1.016028172704963595e-03
-9.361212555835141114e-02
-2.412425298236554605e-01
2.703651134966841285e-01
8.592011058428006276e-02
-4.231625269251393373e-01
2.060646311929559271e-02
-4.265925201382948506e-01
-7.104392220129012170e-01
2.842095557155679408e-01
-6.181127703358543224e-01
-5.290377645193907741e-01
-1.690877506767130001e-01
-1.662526554619362162e+00
-8.544029601648650551e-01
-4.544721419400561402e-01
-9.430268468586666675e-02
-1.918230187833315226e-01
8.577982046331622534e-02
7.059066324628782141e-02
2.818470298516070338e-01
-4.809715815430889441e-01
-3.588364102033819725e-01
3.319460327411649647e-02
3.644368435322709043e-02
5.277267100037170700e-01
-2.279866946423033669e-01
-4.471600928389797280e-01
1.254133291795745953e-01
1.974857399568125116e-01
4.131646011846132893e-01
3.637963994482398267e-01
2.212117165020996978e-01
4.565157442013467737e-01
4.992078279388063589e-01
6.544935540019733988e-01
4.298479887762924889e-01
2.679213077637842000e-01
5.386727842418224110e-01
5.099075933348899969e-01
5.125059517011840704e-01
-2.291820930725196881e-02
4.779714826531868965e-01
2.907964335122483757e-01
3.944129775564710894e-01
3.640356794660903894e-01
2.765205528452884254e-01
5.497438217076822120e-03
3.276575806179649053e-01
4.296894649050386761e-01
1.710204435293524172e-01
4.780938236861742574e-01
-7.727719220492901275e-02
1.045516492112850138e-01
2.212578565840939149e-01
-1.323640953689937394e-01
3.583327761769512509e-01
4.405749433514305480e-01
3.050571584202517172e-01
3.994690106910894212e-01
-6.795069846506363032e-02
-7.758804618646075735e-02
1.495065830281184782e-01
-2.019770512689037512e-01
-1.253413693581945543e+00
-4.577848669726956032e-01
1.248760213593844703e-01
-1.727196128030850097e-03
-1.565169816692457694e+00
-1.498283955333052919e-01
2.497979964079924953e-01
-9.712178251327274747e-02
1.884859334715366375e-01
2.617651167315828697e-01
9.512654329292657973e-02
3.469255551491876588e-01
-6.829934055269345494e-01
-6.900579972455284095e-01
7.958471296796809646e-02
1.041516860791751320e-01
3.299707286262512085e-01
2.820532168551205254e-01
-2.980380053662271544e-01
1.618308282566721656e-01
2.560476305800690744e-01
-7.854729904616893910e-01
-1.639482284448245508e+00
-1.101522225965465118e+00
1.371785715219537849e-01
-5.858402774465809593e-02
-5.202786598271913476e-02
2.386991871649158936e-01
3.359087898173149789e-01
-9.355289618698015008e-02
-1.230698270057450916e+00
-5.190230355488856251e-01
-1.919692920276105941e-01
-1.297700088187058398e+00
-8.784622851100087892e-02
1.466358489714426616e-01
-1.852096742239327520e-01
1.587036527886845905e-01
-1.702427606728440512e-02
4.598245158227276530e-02
3.914560461084741760e-01
9.548303585363815404e-02
2.821912614818601339e-01
-1.389191515137090382e-01
2.504613849011534388e-01
-2.938829709097945386e-02
1.709741552877349635e-01
-7.428405756673495119e-02
2.725387941375112533e-02
8.926350361367985098e-02
-5.323207481955917197e-01
-1.028532086402519585e+00
-1.955209776325909754e+00
-8.883856360071978875e-01
-1.440418102840113512e+00
4.188119144389990112e-03
-5.875475543859467464e-01
-3.590604113123722074e-01
-2.316236248328908953e-01
-2.648167151014950704e-01
-5.563332395461835223e-01
5.804279534407508212e-02
1.375889093028462851e-01
5.520716878280718110e-02
-9.211267657939969933e-01
-2.547777139845310845e-01
2.383771521859323617e-02
-3.655397545501671841e-01
-1.771838171001719253e+00
-4.543070708654107781e-01
-1.233845190447850904e-01
-6.181171967160011826e-01
-2.949683016295133742e-01
-1.464027514151629461e+00
-1.253762671206053447e+00
-8.338722387860442176e-01
1.188587815910840950e-01
1.739863048935830214e-02
1.945448427547630255e-01
4.590807740127718084e-01
5.412336866514917411e-01
5.723960453874554766e-01
4.351517030185161339e-01
4.832396696692380367e-01
7.228199191286894809e-01
-3.549367264276138689e-01
-5.518162849763941225e-02
3.103463688659069408e-01
7.657307114830698147e-01
6.263405010911333726e-01
5.902343378953402997e-01
4.832190133660207998e-01
7.226594254900424730e-01
9.046371060869211611e-01
5.853475201899054348e-01
6.211585341311560704e-01
8.338624163786456656e-02
-3.181100794393331155e-01
5.803087282578101025e-02
-2.182084248914964997e-01
4.642062367721826455e-01
5.770889318062961681e-01
5.017248226531219046e-01
2.448104596648302822e-01
6.159744463261849212e-01
5.724758244152388098e-01
5.124298130073254853e-01
1.198885819937959285e-01
2.474889663592012568e-01
4.349848229156445534e-01
-2.079211541954454345e-01
3.217638032027587691e-01
2.123815009653281516e-01
3.274750160109816122e-01
5.150117968748995079e-01
5.698630561722883847e-01
-9.948280214306194358e-01
-1.078496071563046499e+00
-2.485045700718589989e-01
-1.094791866122425628e+00
-7.179425611542117336e-01
2.028182908025579767e-01
-2.282400896229205278e-01
1.497353127948661822e-01
4.293737009465385945e-01
4.564627287056026717e-01
5.017761116363894658e-01
7.378891840398198454e-01
6.263222470040121781e-01
1.009176992342281531e+00
4.268899811829023339e-01
-1.081326351507968742e+00
-4.679395137559353435e-01
3.182926605186411351e-01
3.242508842710711825e-01
3.883253992911979147e-01
3.132840586059383314e-01
5.147614839969150147e-01
4.992326618829090457e-01
5.593682195337954521e-01
-4.857697918174141982e-02
-7.002121495276515395e-01
3.603794687407257946e-02
5.326542239479998830e-01
3.497617609085234003e-01
6.259742851935552466e-01
5.720166569735107842e-01
5.720970070735402757e-01
2.094899161941651267e-01
5.044863419736906884e-01
4.216976600821271681e-01
4.267625460636867984e-01
6.491629565567307303e-01
3.188902578089550799e-01
1.286958274930887214e-01
1.913118802403306340e-01
9.704749086360793253e-01
1.008782180369496517e+00
1.053136761919136299e+00
9.742433102585632554e-01
4.946816075608404528e-01
6.729196141453293034e-01
2.011610885226823298e-01
6.622389792498408756e-01
5.126815436069769305e-01
7.967989598844646970e-01
6.851034423478485902e-01
8.376664993759095346e-01
8.791322882801835270e-01
-4.294038374267782343e-01
6.313180273402199116e-01
3.221753756621210663e-01
2.593679977076103205e-01
3.968343292551790302e-02
2.209799642305411149e-01
3.413543533143785780e-01
1.827946555678542362e-01
-1.750483898467474209e-01
-1.098833995505048566e-01
3.747139699085992870e-01
-1.912374572140567608e+00
-1.055748263820520005e+00
-3.190333100638651498e-01
-2.186808066422397667e-01
-7.795038327410808154e-02
4.022183935466796534e-01
3.246706259230226488e-01
3.691989658047578615e-01
-1.568013305439404093e+00
-1.464694442450464873e-01
-5.225198617162203352e-01
-5.191221430205464893e-01
6.086714344663579634e-02
3.963371180982917519e-01
5.095307817363212699e-01
1.379745452835382524e-01
-1.002125564744784647e-01
-1.054930610887845344e+00
-4.063676846709122215e-01
3.619664833809832505e-02
-1.295672224582393728e-01
7.966266744993144577e-02
2.702913536118671800e-01
3.858674927825536116e-01
3.720329387730103576e-01
-1.523391077979978636e-01
-7.562224545756390803e-03
-8.808465744564714095e-01
1.433225946449343535e-01
2.470659446902554457e-01
-4.741840113625401809e-01
-8.096324729141372023e-01
6.719040362925998711e-02
1.314871825946392070e-01
9.821196191337522308e-02
-9.814185969226026929e-01
-1.081512558801542401e+00
2.294656268835073565e-01
2.790337608584564366e-01
-9.447172998165085378e-01
-5.396290182968378479e-01
1.099951633537924467e-01
1.042706376059368001e-01
4.670209425788469648e-01
2.387235930514500781e-01
-8.702520177063368667e-01
-4.263675680064027418e-02
-2.082800062698312304e-01
-3.283469297705513545e-01
-1.143971374060200663e+00
-1.234541472556448527e-01
-1.298390161904632301e-01
2.957458842778742936e-01
2.932084362723375026e-01
4.155302537811051966e-01
7.070286869245974160e-01
2.819860245980131408e-01
6.566404139040740162e-01
5.643419646910454723e-01
4.432609112479584113e-01
5.983189900746010981e-01
1.014761957569629613e+00
-2.403756357747551808e-01
4.565137988836407423e-01
-9.073894827221021808e-01
2.061316661240260029e-01
-2.917214642114833723e-01
4.345171169238732922e-01
6.462915610111774622e-02
-6.454502941505761981e-01
2.686944790720102727e-02
-1.260743169349272108e-01
-1.948727982706794926e-01
2.210863737549675356e-01
-2.445890021498664524e-01
6.260691211832916103e-01
6.291944194458827244e-01
-4.224699657957318166e-01
-6.829998872225585549e-01
-1.445859676415287343e+00
-1.127657364981475840e+00
-5.739205480341206256e-01
-9.653002678545941073e-01
-5.245363470237496273e-02
5.796941565831870147e-02
2.730685172343512157e-01
2.503369236239559870e-01
-1.649783892225582527e-01
-4.163736134557154411e-01
1.195102223589220580e-01
1.226252947717064723e-01
-3.993013604440522890e-01
2.847565480081063471e-01
-2.545373361351187524e-01
3.469393651289378600e-01
-1.999199992915090540e-02
2.850546342850224235e-01
-3.148391811978044075e-01
-6.557410632670896966e-01
-1.361158762163895419e-01
8.292620315031351552e-02
1.438124837817665869e-01
2.211967274876854850e-01
7.074588726483397316e-01
5.462189340699818985e-01
6.109841533952065085e-01
4.459964215899807627e-01
6.085273745007402368e-01
3.697445342985925532e-01
3.389086948131965205e-01
3.277135055441396938e-01
2.564722818687630301e-01
5.098329924056823614e-01
3.686861794335816178e-02
1.649615305505924834e-01
-1.240271173168797425e+00
-3.953087785882236638e-02
-9.382843434657420767e-01
-2.118732470643488464e-01
5.807551953035039460e-02
2.443359490659261501e-01
8.292011283419731260e-02
4.264622095809960101e-01
2.354671267572189253e-01
3.215703387451112061e-01
3.470552097748859088e-01
5.616608324553289400e-01
2.123047237470936377e-01
8.587983544294242044e-02
4.291715392058987888e-01
6.206147154166798963e-01
5.589485375496021646e-01
6.259099958768572503e-01
1.143013947250226536e-02
6.566454665886234388e-01
3.666607961380314862e-01
7.330041887599823003e-01
7.255067887775976665e-01
7.788515522749581699e-01
5.232815100613361636e-01
-3.413175447536569429e-01
-5.870658824909948947e-01
-2.682315998987633288e-01
-3.048648930751294284e-01
-2.369100701398263453e-02
1.524885046864788984e-01
3.216387797888413669e-01
6.694854092782023258e-01
6.749260163171022509e-01
7.740166173182128073e-01
4.247390898232361600e-01
2.276010185951029552e-01
4.190150978774573876e-01
4.406481535131052674e-01
5.308463285723470371e-01
1.769738676227089469e-01
6.261866702353500180e-01
3.277446136645240093e-01
2.852010332029959461e-01
3.999423371300516727e-01
-4.159408647458933128e-01
8.595537077105941393e-02
1.946023943236788734e-01
-5.423847630257555563e-01
1.734775774011854121e-01
-5.858740095901426859e-02
2.704215344905258611e-02
-5.664858757508371978e-01
1.224653905798310793e-01
2.675164479924266869e-01
4.187727686436018004e-01
3.696396753673392155e-01
2.154802066310346209e-01
-1.031716909383412206e-01
2.036899240251328624e-01
1.798698885861016450e-01
-4.914796027617731600e-01
-8.944954843019654600e-01
-7.245331975120361534e-01
-6.902864493375773236e-01
-4.610315111244693842e-01
-4.888245395180623731e-03
1.413796177193460402e-02
2.959270765889638888e-01
4.642735492202112457e-01
5.979086949015339769e-01
6.948039872448341647e-01
6.083013079335191087e-01
3.555408523651667485e-01
3.664929896256483577e-01
2.241483357697138246e-01
2.474702661786617464e-01
4.642627478719441037e-01
4.022312774824536863e-01
-4.860521815998675166e-02
4.964258301640467330e-01
4.591624149842918889e-01
6.388721481358117238e-01
7.227001329517914741e-01
4.432750677357248925e-01
1.947738518519614992e-01
4.377539557464880104e-01
2.908281501356807519e-01
5.150942611281055239e-01
4.000103443122093871e-01
6.795696688768471105e-02
1.138719872431788183e-01
1.591281252835579085e-01
1.107260686008754158e-01
-5.252968066843106687e-01
-4.165261660372521213e-01
-5.535376837438699127e-02
-2.017304455463999613e-01
-1.068575420528012909e-01
3.075584275634166698e-01
2.092054529082636449e-01
5.329868221867255507e-01
2.359481218102306155e-01
-1.716600210338924404e-01
7.064906072073806609e-02
-5.220560946589583029e-01
-6.868593300096962340e-01
-3.623808161263544214e-01
1.113867073542462727e-02
6.429454755576868852e-02
1.916204335392579505e-01
8.294607168687606613e-02
5.533586312331495449e-02
3.914319789973350616e-01
4.940583465176322520e-01
2.737415390227440071e-01
1.259193931181479265e-01
2.908436490617757331e-01
1.165476473522975009e-01
2.415609077111045000e-01
-4.739544820292123095e-01
-1.067266578231308438e-01
1.527880465374109598e-01
2.095042489093954519e-01
2.735688271719327602e-02
-4.263990833848617656e-01
3.912611947318946903e-01
1.472390134955174901e-01
5.880629476136154388e-01
5.100045056561350876e-01
6.190359365807718284e-01
6.010768951438116847e-01
4.650583870558722133e-01
4.029009626764956664e-01
4.757173371872087664e-01
4.782408525134806965e-01
4.298065363382241877e-01
-3.507086218577469161e+00
-3.507740760379308487e+00
-3.501129331642195197e+00
-3.505558946716155422e+00
-3.502763118566866396e+00
-3.504946617582409996e+00
-3.494514737257924164e+00
-3.502485538083249139e+00
-3.499578242172484810e+00
-3.488034616784002395e+00
-3.496384420739023113e+00
-3.475869023569158944e+00
-3.450518828045725961e+00
-3.467421996817147356e+00
-3.474398680216679747e+00
-3.499492273258120623e+00
-3.504139381922084517e+00
-3.495725902968858989e+00
-3.494738380725860072e+00
-3.493579582410577089e+00
-3.486518462611708724e+00
-3.476859679972037931e+00
-3.502360855782976401e+00
-3.503423950939223985e+00
-3.469081448660084721e+00
-3.499880303056131403e+00
-3.472278662484498124e+00
-3.469844355705978156e+00
-3.497847667429058394e+00
-3.442389043208585964e+00
-3.480356292263126150e+00
-3.504227407346147238e+00
-3.506463510666976813e+00
-3.504562472780346827e+00
-3.500426970297505935e+00
-3.503416803328081475e+00
-3.483146864030074230e+00
-3.473779426509871371e+00
-3.489899548570229992e+00
-3.486075695378349604e+00
-3.472867660782597454e+00
-3.492598644510846118e+00
-3.501773731119210975e+00
-3.502407491267720996e+00
-3.502671436251070691e+00
-3.502648197318874335e+00
-3.503274632744594719e+00
-3.502494241205190928e+00
-3.498137341005707501e+00
-3.492514921911753945e+00
-3.490005010161178589e+00
-3.495775066003006248e+00
-3.500033164597069923e+00
-3.496364132083057186e+00
-3.419812393596132871e+00
-3.377618497730477287e+00
-3.469728009355728116e+00
-3.498340348543542255e+00
-3.480231701872910755e+00
-3.488952408341967182e+00
-3.501236099481414232e+00
-3.502257574618757197e+00
-3.504042282653631268e+00
-3.503810902516166337e+00
-3.501573652242659929e+00
-3.480452244177162147e+00
-3.443700965202172171e+00
-3.495495063083645437e+00
-3.497986137727143952e+00
-3.458865790124292072e+00
-3.446985066338937642e+00
-3.425397253297230105e+00
-3.385088038665820864e+00
-3.375613402984626976e+00
-3.450087041954223110e+00
-3.448282957106782565e+00
-3.444594802197366246e+00
-3.460292945844154922e+00
-3.479321730899552989e+00
-3.495826481821687981e+00
-3.501608289116846517e+00
-3.487184753636590084e+00
-3.477751812683675059e+00
-3.445222437214513711e+00
-3.477686778849674809e+00
-3.467719107696197067e+00
-3.494598794485931137e+00
-3.497186842625739089e+00
-3.481983632116159466e+00
-3.499749157759970863e+00
-3.466932617578990961e+00
-3.496974376222607095e+00
-3.502122480248957448e+00
-3.474018090900951705e+00
-3.465362806401833584e+00
-3.473448483995951630e+00
-3.485025403773402974e+00
-3.470419931249900447e+00
-3.412760249933892709e+00
-3.451141795438048554e+00
-3.472400002132927543e+00
-3.494012192517526927e+00
-3.492414419646475032e+00
-3.502635358399566190e+00
-3.499224822548709479e+00
-3.497372481790173904e+00
-3.465480991335599281e+00
-3.499887709708140893e+00
-3.502271254338758855e+00
-3.504605645256143376e+00
-3.504313066302323421e+00
-3.495450905148533405e+00
-3.464397880304439514e+00
-3.429130744306445155e+00
-3.505472705755732221e+00
-3.500855792393528620e+00
-3.508952504329848843e+00
-3.509031524589174555e+00
-3.509003696243807369e+00
-3.508667272994875130e+00
-3.508829887030163519e+00
-3.508350563301429581e+00
-3.508471946466847680e+00
-3.505479730854966558e+00
-3.507428114638843297e+00
-3.508724930333999126e+00
-3.508739148100737282e+00
-3.508479899234880239e+00
-3.508527825656178489e+00
-3.508514324712703303e+00
-3.507672478138836425e+00
-3.508321545183389123e+00
-3.508137497790869030e+00
-3.507373972354194791e+00
-3.505417942814589960e+00
-3.503635959964925384e+00
-3.488928354073338678e+00
-3.502481388126609918e+00
-3.491016528094748939e+00
-3.488464258836779130e+00
-3.499158263510731004e+00
-3.507553819365119452e+00
-3.507909992222252082e+00
-3.508430110566969962e+00
-3.507444697462317240e+00
-3.508252322928211875e+00
-3.508658300017149401e+00
-3.508169302652472066e+00
-3.506890394214801532e+00
-3.505471384409319935e+00
-3.502697235288325217e+00
-3.502295096315549028e+00
-3.507039009699760346e+00
-3.505001707360278829e+00
-3.500082627171368532e+00
-3.502135855646401286e+00
-3.496204179717285143e+00
-3.481127836294508171e+00
-3.491822806674997004e+00
-3.499089817869672547e+00
-3.504348947656742208e+00
-3.499657041342511654e+00
-3.488192135522602211e+00
-3.487661304542812424e+00
-3.506481681971751474e+00
-3.507237094808493882e+00
-3.507192486566081069e+00
-3.504334182470846049e+00
-3.497089833836486417e+00
-3.507541591802462388e+00
-3.506455619255193223e+00
-3.507527238471662034e+00
-3.506242895413103078e+00
-3.507064999426015905e+00
-3.507699421848950116e+00
-3.507997683937007949e+00
-3.506782335130217199e+00
-3.507977086851885584e+00
-3.507869875644253010e+00
-3.507808103285474655e+00
-3.507998618213447717e+00
-3.507839457611732215e+00
-3.507700956626679023e+00
-3.507212235676616441e+00
-3.506623187123242502e+00
-3.500532824220428552e+00
-3.504103234499775787e+00
-3.495238724682125042e+00
-3.498912391244536568e+00
-3.496261402734899715e+00
-3.500281997948101687e+00
-3.501028920061880267e+00
-3.505877242298571783e+00
-3.502271093821529124e+00
-3.496594023181889721e+00
-3.494665993323685882e+00
-3.473201213715749081e+00
-3.490120705950215729e+00
-3.501263336406690296e+00
-3.492122660332709128e+00
-3.493121190080168859e+00
-3.483375452062657640e+00
-3.492917979342172519e+00
-3.497759584731836124e+00
-3.498703045302173908e+00
-3.496246892636953429e+00
-3.497158883303897348e+00
-3.493317442531834960e+00
-3.496529330436232819e+00
-3.490069207612967794e+00
-3.492056207524441014e+00
-3.490123735160521878e+00
-3.485744696238610718e+00
-3.451557053194858060e+00
-3.404875787597139158e+00
-3.330160149833111927e+00
-3.421318421546173383e+00
-3.423932451592117676e+00
-3.453062722151067909e+00
-3.474559985197782641e+00
-3.486281174608925504e+00
-3.489362729035423438e+00
-3.494581801793180897e+00
-3.490186799712226229e+00
-3.498677253786288244e+00
-3.495356987504536939e+00
-3.488316773981081198e+00
-3.491656752817923870e+00
-3.480204916077981547e+00
-3.482006294231092536e+00
-3.491957502137574831e+00
-3.490043961775045389e+00
-3.482270165540627183e+00
-3.474758913359407675e+00
-3.492101729721266423e+00
-3.454568910170729978e+00
-3.467261153918126393e+00
-3.483975717155428864e+00
-3.486552102003257492e+00
-3.465402706145741085e+00
-3.472383269933982941e+00
-3.472753556038952194e+00
-3.474083319424206007e+00
-3.477426413412844752e+00
-3.479376487011898611e+00
-3.477614847133672527e+00
-3.482615418053247591e+00
-3.480306960916481618e+00
-3.451301850941461691e+00
-3.460561657327664520e+00
-3.351126840751159630e+00
-3.410098712544704647e+00
-3.467413582807425065e+00
-3.487235751637789871e+00
-3.484452438341160363e+00
-3.488763736395155579e+00
-3.486217275063059784e+00
-3.457918523369720720e+00
-3.468937170994051300e+00
-3.488931390099001995e+00
-3.480413171146572004e+00
-3.461345160382546915e+00
-3.457461056511939024e+00
-3.398294973121114282e+00
-3.253999904746625926e+00
-3.138842284853241349e+00
-3.429318421452820509e+00
-3.477527712222288070e+00
-3.477835520327669627e+00
-3.441726186384131747e+00
-3.212971242142590445e+00
-3.509067589488157779e+00
-3.509071117615030655e+00
-3.509047801691492108e+00
-3.509034136875835319e+00
-3.509002665573281998e+00
-3.508965207415231102e+00
-3.508929907425717420e+00
-3.508859783535040577e+00
-3.508788458419493939e+00
-3.508758526630412877e+00
-3.508676744293004912e+00
-3.508684934982654546e+00
-3.508601899060195706e+00
-3.508445731453991634e+00
-3.500405916168959575e+00
-3.446279032416081023e+00
-3.360166480368392161e+00
-3.256674588124087499e+00
-3.102485784644640976e+00
-2.975521110151814419e+00
-2.735176035251220217e+00
-2.566133979868006953e+00
-2.545573450658181969e+00
-2.372728440490854851e+00
-2.340740479986108014e+00
-2.457811761634340009e+00
-2.550915394436044981e+00
-3.260653255905018977e+00
-3.358660533618675892e+00
-3.147280970022370727e+00
-2.805974054667352835e+00
-2.502303718161102530e+00
-2.139366848978378144e+00
-1.763990121263770972e+00
-1.822403149370117381e+00
-1.461064943315994791e+00
-1.448864213174718696e+00
-9.582491591015024346e-01
-8.500609471024124231e-01
-9.344911786593963487e-01
-1.110680737706561727e+00
-1.328778661205829881e+00
-1.570649387365993022e+00
-1.731392659776761489e+00
-2.172317365044804660e+00
-2.123989608097021531e+00
-1.910328717087461214e+00
-1.822857473915413973e+00
-2.032159717088394935e+00
-1.833310792267254019e+00
-1.512220239994406690e+00
-1.372873782864077352e+00
-1.011952172339897427e+00
-9.551873715725185399e-01
-9.482782827755396049e-01
-7.924614100886997470e-01
-7.822790367414126367e-01
-1.021820160472725725e+00
-5.461145632112865966e-01
-3.184186457235326229e-01
-2.813317604127036908e-01
-2.512736874523178177e-01
-2.246090154720106202e-01
-5.905146330047091885e-01
-1.949634563099558182e-01
-4.881987917876218219e-02
2.269650336258971501e-01
3.021027679960768264e-01
3.444100849875414427e-01
2.068723422477485308e-01
2.244927720949331240e-01
4.994370431810648547e-01
3.391608085026012187e-01
7.180443070083897261e-01
7.534744811585800672e-01
-3.810759489437098857e-03
8.324811814904740093e-01
6.646490996307063970e-01
6.544827523270546621e-01
6.367008940018403784e-01
9.686343530532699475e-01
1.141282137540172936e+00
1.081658841316232245e+00
1.382173507954832292e+00
1.630780210843572497e+00
1.209153959018754776e+00
1.644122563747933530e+00
1.053775923882220411e+00
6.753849654820713866e-01
6.062765792790187902e-01
6.623907847193712950e-01
8.402701488033557098e-01
5.752343593049951131e-01
9.394041815587694799e-01
9.131565751767505290e-01
1.317660530369749283e+00
1.048245443377427311e+00
9.400688867221274059e-01
4.306651701551320599e-01
-7.126295501254121811e-01
-3.397978602104544610e+00
-3.264220472320650046e+00
-3.190648459441915552e+00
-2.747631251344474723e+00
-1.750907566815897098e+00
-1.101888496287538821e+00
-1.005857758704023608e+00
-6.117208011192559747e-01
-4.510017033362727634e-01
-3.086299720951486414e-01
-3.955218556662287721e-02
-3.488589608021009925e-01
-2.182739322219685585e-01
-4.300804910791405922e-01
-1.720832568099101012e-01
-6.808294118374524917e-02
-2.547603271019249771e-01
-4.096351989088200529e-01
-2.348918594262217052e-01
1.407103552946161740e-01
1.706972763658254344e-01
1.453967469157857462e-02
1.648534018378338128e-01
1.887047315776954060e-01
4.538611665236691461e-01
5.514699925587347451e-01
6.925754967340447266e-01
7.382737897729310106e-01
5.802737502229460276e-01
6.748921705247628022e-01
8.660916796122863914e-01
8.045224461720401621e-01
7.105355733379057348e-01
6.164500088998638994e-01
6.725521729010377481e-01
7.359646299410025350e-01
7.233375794056415842e-01
6.726257546342988558e-01
8.457054945995841067e-01
6.446637116083635544e-01
8.097906462859374432e-01
8.560231787972356621e-01
8.976039817752310412e-01
6.829016227132038708e-01
6.370816857424661528e-01
8.482361601390489003e-01
-2.774102580583935884e-01
-5.216520487688205421e-01
-5.666796640963515097e-01
-1.920416743898262224e-01
-2.584231331448588742e-01
-9.412700870953738530e-02
2.000359090830361453e-01
1.040354545035929723e-01
4.828145852094967161e-01
3.801636970097053148e-01
6.081888544875733160e-01
8.633444893526713848e-01
9.339096165581024511e-01
9.580440410915511684e-01
4.001635372640746091e-01
4.702998350519491666e-01
-5.479795483296934222e-02
-5.935702599738350571e-01
-2.689922642013921728e+00
-2.433882227451384495e+00
-1.628745665350575411e+00
-1.759180995575182482e+00
-3.153275845859171866e+00
-2.687147488531546280e+00
-2.081209703518624110e+00
-1.542232670840326225e+00
-1.892884507559052576e+00
-1.952864139280562350e+00
-9.793172175574705873e-01
-8.714246787105489611e-01
-4.819546635555774783e-01
-2.287731996917954369e-01
-2.353930455282642331e-01
-6.836026195358705371e-01
-7.110313580326851346e-01
-2.618987387602317307e-01
1.006954280577341265e-01
2.236450379987817705e-01
3.382473163568043839e-01
3.938982256512355562e-01
4.130788310885102899e-01
4.483017433254026241e-01
4.884264853788797822e-01
1.767511390987408504e-01
2.005703735650974373e-01
-1.703004555462961367e-02
1.196192941920423136e-01
3.216344102550313666e-01
3.691383519679902747e-01
4.267289497137540799e-01
1.709346350722041885e-01
3.996476154425752103e-01
1.769344124035456822e-01
6.568650552150006039e-01
6.083478297450111150e-01
4.965366607424996914e-01
2.906456242361343811e-01
4.105520814119931750e-01
2.962571767689751168e-01
3.047823245440542950e-01
3.132475792619325849e-01
-1.464615477713142377e+00
-1.009184944644799131e+00
-1.388515319870586406e+00
-1.815154053441613513e+00
-1.202768456287638843e+00
-7.865264303053228767e-01
-5.160941312480100684e-01
-1.742840113075335928e+00
-7.694378185376157253e-01
-8.646895181900289273e-01
-1.539054162812449444e+00
-6.976286845936318093e-01
-4.511587479684509017e-01
-6.118944127079916084e-01
-6.392237610990104679e-01
-8.949547353679236927e-01
-6.974750194960853689e-01
-3.055299204899379895e-01
-7.452671663427663518e-01
-1.068695331006241034e+00
-1.406897889194673290e+00
-1.272968104623414698e+00
-1.326538614160101659e+00
-8.136297750979331056e-01
-1.645730553430617693e+00
-1.059033640370460105e+00
-1.247583238211735779e+00
-1.440489795465499379e+00
-3.326295150348256291e-01
3.794365286786216540e-01
2.582121865423108176e-01
5.457051602811775481e-01
5.512674822409546760e-01
6.769284392430239272e-01
-2.013956545744629567e-01
-7.855737986478488200e-01
-4.436404582455681922e-01
2.354280812280169499e-01
5.251982222609745676e-01
3.580647145745001758e-01
-6.863978599741081821e-01
-1.425959482174541382e-01
2.586968450617959103e-01
2.989984318475833458e-01
7.837454618315669030e-01
6.365081428712344724e-01
7.789227250834580563e-01
7.205577483628085034e-01
6.928830400319228033e-01
7.131940827819267525e-01
7.004767877211284244e-01
6.802989599794462272e-01
6.931099228431052417e-01
4.839121120335634352e-01
-5.383481090096461363e-01
-1.979186516220895475e-01
2.418539200112763687e-01
4.242682343036010550e-01
2.331046093023686483e-01
-6.312969150727937295e-01
-2.365759481143247633e+00
-3.223954955686635149e+00
-2.390448335333507757e+00
-2.292911480910352129e+00
-1.712820553744500929e+00
-7.831809828673839124e-01
-1.895194564690000139e+00
-1.366994026790971706e+00
-1.269709947894489765e+00
-1.134455181147562941e+00
-1.625637047387305190e+00
-5.671786752806317056e-01
-2.152953725732562607e-01
-2.751615600946684115e-01
1.674407570740420459e-01
4.400857063517564782e-01
3.412531972543912939e-01
5.695806621137391446e-01
1.287361076015866024e-01
-8.466326387682079346e-01
-1.982540060569704110e-01
-1.316395598364069830e+00
-1.750305839712403611e+00
-2.083035750807624265e+00
-5.637041659449532061e-01
-1.653899753869470857e+00
-6.866487988245584262e-02
3.011853385364843261e-01
5.247762413054402053e-01
4.614028864493386894e-01
3.355631013689653885e-01
2.990433486121994999e-01
-6.168728387300659310e-02
2.675217523515464046e-01
4.776037659789125200e-01
3.691520218013739640e-01
-5.632169932694334191e-01
-3.183381097603713572e-01
3.243715019541977274e-01
-2.747905631096695389e-01
-1.442825289053824012e+00
-6.147647036250559749e-01
-1.291495839715794958e+00
-1.987011060116333772e-01
1.403084103454265152e-01
8.292690243450611121e-01
4.101760034956019041e-01
-3.604101122474889785e-02
-6.283113273668620158e-01
-4.947083830889196232e-01
2.355086203493929053e-01
-3.284561973137636315e-01
-1.648010234763168214e+00
-2.752393441893969950e-01
-1.495949045932658539e-01
-1.088322974580431257e+00
-4.841051973481502735e-03
5.457967693449539137e-02
-9.080715215751464786e-01
-2.292709290446310888e+00
-2.627690910849759920e+00
-2.932393040880978852e+00
-2.312623052328102169e+00
-2.020582011578652804e+00
-2.141942761406093076e+00
-2.099418169411588320e+00
-2.041696540721510633e+00
-2.053386568335492157e+00
-1.972290349368923668e+00
-1.524216932992960238e+00
-1.851531729594972475e+00
-8.712349278000734998e-01
-1.124489078995965174e+00
-5.293621670002802704e-01
-4.542324839870686137e-01
-5.668197212448056188e-01
-8.572428976250209276e-01
-7.346729774833867799e-01
-1.078301564136686430e+00
-1.915069113660746503e+00
-8.065569229760652936e-01
-1.157018222755153758e+00
-1.354203812157980469e+00
-9.351745136412539239e-01
-1.406631438762774300e+00
-1.275833022087633051e+00
-1.018812750536871814e+00
-9.742560373808539786e-02
4.455291392304814302e-01
3.829454272238699275e-01
8.933828659087716950e-02
9.549274378845873379e-02
-5.045875886722932524e-01
-7.137251003111130254e-01
-5.562996021380113287e-01
-8.502981104722218131e-01
-8.232563404523461914e-01
-3.656488391130106042e-01
-2.182023570394832079e-01
-2.346849569747313513e-01
-6.213555738736591394e-01
-5.255735802287622160e-01
-3.309485246435562189e+00
-3.338800338999428075e+00
-3.278805787096295443e+00
-3.203369099427942679e+00
-3.106756372468169047e+00
