2.384873498926189939e-01
1.929756193891604132e-01
-2.329747216179323122e-01
-3.445134403770278020e-02
1.977689318247837225e-01
2.435018228993357514e-02
-3.287552288213100304e-01
-1.747505905337263243e-01
-2.470374235932162321e-01
9.088883979927608880e-02
-8.352103337653622450e-01
-8.495757466060266383e-01
-3.122732134821583072e-01
1.477552325272807332e-01
-3.390069214518265373e-01
8.709256376000185096e-02
4.146655878035200304e-01
3.483278181974254206e-01
2.946459411428341557e-01
7.019735385598140365e-01
6.639615130793592446e-01
5.653780932370391366e-01
8.140148585161883776e-01
7.551444002109597431e-01
8.464348405645918394e-01
6.889874307919099383e-01
7.884268805240581823e-01
3.344452390044970747e-01
2.700383470880663994e-01
1.302622121226494345e-01
-6.174559839070437040e-02
4.082216587485538728e-01
3.963566938551702501e-01
4.266242446092471940e-01
3.535694212289750560e-01
1.742218575441056849e-01
5.065725536046181698e-01
2.997961513585127857e-01
3.590163091901943382e-01
5.553755301541407619e-01
5.855839496158803392e-01
9.225164572385515793e-01
6.796484279989494226e-01
2.473856136179155563e-01
2.424327345532359956e-01
-1.069888683934032692e-01
3.718956739063778993e-01
4.594154436172119826e-01
4.780472877731545278e-01
3.850158435059779505e-01
2.505704073233858686e-01
1.971970001705158904e-01
-2.525910944011106052e-01
3.061800582200130405e-01
9.711396881944622805e-02
2.909685107483388489e-01
3.104697679446318803e-01
9.554647546670347324e-02
6.779475526240583694e-01
5.548006249735448758e-01
5.975170245184913131e-01
-1.179152340151590206e-01
-1.133062364837270630e-01
-1.626316661629362281e-01
1.366592261368391181e-01
-1.701380994847010442e-01
-2.525131848090106379e-01
-3.094302240162544182e-01
-5.921961197246371489e-01
-5.445330152029553838e-01
-1.460040069243070393e-01
-5.678327466448056526e-01
-1.813346409554439376e-01
-1.812694761455055925e-01
4.505982623328101955e-01
-3.657736645233939932e-01
4.396278639673745214e-02
5.808835618509993193e-01
8.456676984711120060e-01
6.399344931047659113e-01
7.994341016747597006e-01
8.446144137739481916e-01
8.188216734377540273e-01
4.886184707959018159e-01
9.514496905931306703e-01
1.096835143218920949e+00
1.165646258813492819e+00
1.136010745665080535e+00
1.103900330947711117e+00
1.169776867263596865e+00
1.012530547513686763e+00
9.264870232176078968e-01
7.246805454742673014e-01
8.410559741158116775e-01
-6.144908335368659547e-02
2.853878484638275870e-01
6.074382978711470038e-01
5.821732001467039286e-01
7.682222021747697749e-01
6.033842945168843563e-01
6.952625901002817965e-01
7.578167072918169378e-01
8.794838949764003377e-01
5.067681830852313052e-01
7.501296897566243072e-01
9.754120715291383359e-01
1.181124998197634612e+00
1.058275096812572924e+00
1.140071774871349364e+00
8.560919579094716791e-01
9.733547176798329481e-01
8.291342999059518881e-01
1.105760638441053212e+00
-3.537243410665451560e-01
-4.417485127154676672e-01
-5.041747664160270981e-01
-4.352122824366323472e-01
-4.212874331001742467e-01
-2.068901489688653728e-01
5.199883175258823709e-02
1.303194920669030754e-01
-8.887242796734451389e-02
-3.557474642495291883e-01
1.694724338481780057e-01
7.496767710087848258e-02
1.771833500156451136e-01
4.849742237652148180e-01
6.740847251611465918e-01
8.008062957138999405e-01
5.293152473821285398e-01
1.001481029705030279e+00
1.254638859692643660e+00
1.293289493387302480e+00
1.262747155808841226e+00
1.256910808644878585e+00
1.466918788029322629e+00
6.971010588445207823e-01
8.812496209872022757e-01
1.257674549695101174e+00
7.740984336712319891e-01
9.117886085619704151e-01
-9.948871211602375864e-01
-1.283624113725769789e+00
3.362032655974565021e-01
6.051269200334969955e-01
-1.313560964574718160e+00
5.162437185319264099e-01
3.945936728665325743e-01
3.093558105427797189e-01
-2.149598553562730885e+00
-2.411305070000307360e+00
-1.576643969908540388e+00
-9.980432714769453817e-01
-2.061055633366572160e+00
-1.583093792164673497e+00
-2.106851057322820076e+00
-2.029772209481969014e+00
-1.871276234410182093e+00
-1.652314133894590364e+00
-1.863288603167279733e+00
-2.541761577821479712e+00
-2.009514807146682180e+00
-6.348564620096285305e-01
-7.633210698824455243e-02
-3.022902575099210010e-01
2.395115743069975434e-01
7.074804711185000983e-01
6.793416698821574951e-01
9.833264238704904070e-01
1.001827138728162092e+00
1.205200491727475898e+00
6.913050455643043879e-01
6.402186427732674545e-01
1.327980055181582353e+00
1.316174046018936172e+00
1.079675986080353534e+00
1.018467198845873112e+00
1.298977051505482150e+00
6.317283159425837180e-01
1.187570874796945786e+00
8.195256798103673912e-01
1.420427966666445441e+00
1.426933695779591504e+00
-4.076272323257057462e-02
8.920279396567389885e-01
8.538518251499882528e-01
8.914443805518945663e-01
2.127364920627302647e-01
7.677476704498047422e-01
5.443160737694821005e-01
7.285334931731934915e-01
1.064726489413946542e+00
8.485429927277328144e-01
5.497872393321772133e-01
6.349620820763599571e-01
1.790074655088359501e-01
1.646701207342415874e-02
1.952877934736215737e-01
-9.187400934959402132e-01
-1.614117220885136206e-02
-3.735897959629197462e-01
4.481543887367622769e-02
1.424972408965096138e-01
-4.612125357986057717e-01
-5.826660865121153776e-01
-1.917664887768313342e-01
-2.642076582278740648e-01
-2.362380178612342174e-01
-3.111560580689393118e-01
-4.060280945034736022e-01
-1.767239478141057418e+00
-1.320516324977827338e+00
-4.095650665961507730e-01
2.371155433618166164e-02
-2.335117339971587436e-01
1.052469991215191358e-01
4.026631981618405964e-01
3.721566778623701666e-01
5.113117726304037269e-01
4.962390549446531463e-01
7.515181370853245557e-01
1.021927791279207964e+00
-3.413122646733148802e-01
-1.822902539077074113e+00
-4.032216925349313419e-01
2.552375955691936760e-01
2.552409050319272010e-01
9.231329250355837512e-01
5.602237827869103182e-01
1.432143114127899519e-01
3.906940568712036210e-02
-1.144157715544575016e+00
-1.994081835467693020e+00
-1.505237624432692378e+00
-1.184743757660069452e+00
-7.804190272804537587e-01
-9.002920536734022594e-01
4.345184696772552702e-02
3.411127368051047881e-03
-5.840307079517448319e-02
2.986599874887483352e-01
2.797795152038364819e-01
-8.772960790975421475e-01
-1.573564404959529206e+00
-1.353356172887825837e+00
-1.551090265787908429e+00
-1.186597710862462129e+00
-4.903559668993057175e-01
-9.633807761656029145e-01
-2.609229330211603193e-01
5.223832616724770617e-01
8.232198641897834346e-01
9.473856531603430664e-02
3.995296862055931486e-01
-1.085979633362780028e+00
-3.720503104899053337e-02
2.435766571358207733e-01
5.678541074295304636e-01
-4.559746633411909666e-01
8.910324404067138104e-03
2.580253658751092694e-01
4.393626971028217199e-01
8.040529708569399414e-01
1.455377562019968263e-01
-1.304811332517102906e-01
1.136734024812274813e+00
1.236380179509381394e+00
5.552880016470436164e-01
5.316819063134157197e-01
-2.194248913312278892e-01
4.569407328826149417e-01
-3.600324352637628289e-01
-1.758779094307316715e-02
-7.956121660760651082e-03
-3.068239998102370025e-01
-6.288207937422778393e-01
-7.022397217927511814e-02
-7.184540238543535295e-01
-9.210874749135994355e-01
-1.183121944654109470e+00
-4.496320814688993250e-01
-9.852728664912542289e-01
-8.791408631894704895e-01
-1.101511629306035189e+00
-6.638385768639166740e-01
-1.096251483513398073e+00
-5.085904428959671097e-01
-2.484941344916448136e-01
2.428257274149647760e-02
-1.254472106092964667e+00
-4.089032116205514322e-01
-6.820982743159943462e-01
1.400587563123184554e-01
6.206666728098546582e-01
-5.038747175674374024e-02
2.943236816947780721e-01
2.727686783341877197e-01
7.821061667281210550e-01
8.863476095916771325e-01
9.334721274284145665e-01
4.318543194806241381e-01
6.680756981641862158e-01
-9.726172090004092663e-02
-7.279197686901985875e-01
-1.629294246249533229e+00
-2.088811867317232895e+00
-1.231461355900929533e+00
-1.781622814127292953e+00
-3.394894385440887508e-01
-2.114151007422658601e+00
-1.426032809036744009e+00
-5.871140499703244586e-01
-5.360116504885735766e-01
-8.435826618967789958e-02
2.561827308374439172e-01
3.397071419016151061e-01
4.968756146938213547e-01
4.570938057829270207e-01
4.635389037407331436e-01
3.695386826893630738e-01
-2.147420889797635457e-01
1.361114032601659085e-01
6.446709400653425348e-01
7.611385713277674103e-01
9.924632035811635777e-01
4.472923191062749826e-01
-1.500784891677180877e+00
-2.303049861584606783e-01
8.075679973088323305e-02
-2.076046211234655381e+00
-3.065716766425277129e-01
4.646659137021214026e-02
5.369861710423562418e-02
1.360221390503334460e-01
-3.587734523410057719e-02
-3.950919876699503508e-01
-2.155135908457443961e-01
6.622505232458342217e-02
2.737115130403930952e-01
2.777971397166656420e-02
1.190023690545132240e-01
6.888940360710016364e-02
5.393787466269417408e-01
8.919089657087053702e-01
4.439667356006185006e-01
8.524290918552008822e-01
9.455612364260066460e-01
4.665584157445918922e-01
6.458814865447732867e-01
2.830350967140047302e-01
2.408489977864050058e-01
-9.945701485974661749e-02
3.024991572246570337e-01
4.922380521053617564e-01
-7.899423821166877691e-01
-3.686718780641253801e-01
1.632159594384634538e-01
-5.522977863096925066e-01
-2.226006689383173143e-01
1.008004306953427909e+00
1.056466159267119620e+00
-3.145095490903713209e-01
2.101337222915047320e-01
5.862579269941528004e-01
2.723334767552557656e-01
8.842929434054338511e-01
8.373169827090789497e-01
4.092698578395950193e-01
-1.010492086890096841e-01
9.223696619530059593e-01
1.389160880239013629e+00
2.255704265127189689e-01
5.595051645899149495e-01
8.597973603961455158e-01
8.420145462000034886e-01
8.744040815205289530e-01
8.695088891557427591e-01
1.052222584987891452e+00
7.896918124102902947e-01
1.549934879621900352e-01
-5.887471939598899473e-01
1.247666411252669194e-01
5.069249842727325817e-01
7.138435083387364433e-01
8.030954803839278622e-01
1.215495094647290886e-01
7.724781646755520814e-01
1.149890955166358086e+00
6.620723462404376480e-01
8.075242757338896293e-01
7.134076176252337476e-01
1.419559561565322259e-01
5.107148749640519902e-01
3.760431557145604842e-01
5.104214464348337810e-01
-6.327359817856994528e-01
6.453734766384211508e-02
6.136009922775953473e-01
5.392046980813576251e-01
3.016485234907345658e-01
-1.219101579942498681e-01
-9.529579446184589520e-01
-4.128671072717963186e-01
1.192154201017205928e-01
5.400350808552152326e-01
-2.639166726854057510e-01
-2.789161142974749819e-02
-1.172978579605316041e-01
-5.353788375745301975e-01
-1.872020227787719593e+00
-1.630202905927157664e+00
-6.452267194971627040e-01
-1.821462117227928834e-01
2.924538407421317654e-01
-7.875331379550398747e-02
-4.975199476605861593e-01
-3.750144055603664706e-01
-2.315446839742913987e-01
-3.393970308282937554e-01
-1.910923786219956400e+00
-5.295497349066321524e-01
5.163274193257827438e-02
1.484843520419254492e-02
-1.465349167174929912e+00
-1.482496905580160229e+00
-1.604714172077702061e+00
-1.238339155942461467e+00
-7.295605665443802845e-01
-1.005668617849300173e+00
-1.643509674786875374e+00
-1.995126062485385487e+00
-2.147066940410224944e+00
-1.939952644977852581e+00
-1.103298922889644818e+00
-6.059533235307927868e-01
-1.011629358794478017e-01
-2.473416033483627485e-01
-3.696494239980069318e-01
-1.056895272747675252e+00
-8.271789157984529295e-01
6.317689308200646892e-03
-8.619267555307981166e-01
-7.836437089703540693e-01
-5.187692987481692386e-01
-1.792444400505508462e-01
6.678902694683663821e-01
1.486684186570863542e-01
-7.805898012496228500e-01
-4.390178968563221984e-01
1.767560360466948755e-01
5.784819505817975216e-01
7.767759680313817139e-01
8.061638258388603706e-01
6.952161866685255820e-01
6.000519506023340721e-01
6.405065078026657144e-01
1.188628435928760219e-01
4.821104239370488376e-01
2.645267989308679457e-01
1.730540705449142846e-01
-1.185697173537040294e+00
-1.909310464631708726e+00
-1.411583176535500916e+00
-1.509188144734565640e+00
-1.846585721444146788e+00
-1.318839748998945627e+00
-1.923026122574715835e-01
-1.074667118030728563e+00
-7.868994514461138401e-01
-7.062976556698918884e-01
-7.291525791735820050e-01
-2.299975050925763931e+00
-1.558925854830526259e+00
-7.335103207977328177e-01
-3.183824041945242378e-01
-4.006491622471866076e-01
-1.819948913848816519e+00
-1.486466547555153284e+00
-1.145652485586000191e+00
-1.314124798233861302e+00
-1.452435719454339358e+00
-9.832722558522900558e-01
-1.651318242140124015e+00
-2.019323409375483713e+00
-1.410387886011020164e+00
2.358267208844266882e-02
3.370805183758331935e-01
-6.612020214762159842e-02
-3.155632440392055482e-01
2.545580132867880652e-01
-3.803306295589697905e-01
4.659174282317124494e-02
5.654117520615449255e-01
4.878896421665461780e-01
4.887997470104596953e-01
8.622902490758417304e-01
3.972634680427310494e-01
8.039491546314467829e-01
6.733098788024933778e-01
4.489165733320870100e-01
6.758533920764360214e-01
-1.740247618940637953e-02
-1.249041009670238456e+00
-1.120694434553674679e+00
-5.945875257067220199e-01
-1.767575276154927932e-01
-1.926942728600794519e-01
-1.265199873060571800e+00
-1.048412573895168176e+00
2.488828149421695723e-01
-3.300765143312808236e-01
6.308753059782414851e-01
9.048706180911560981e-01
-3.778542125363548720e-01
5.978277920130383727e-01
6.798980597281913951e-01
1.096441918106598967e+00
1.177518856176450024e+00
1.032821010332238609e+00
1.081159252533862469e+00
9.518375443881776921e-01
8.333302378225850848e-01
3.927928434399868829e-01
-3.845260975645453660e-01
-1.505943459085331337e+00
-1.048284347050993048e+00
1.761634964394259706e-01
6.198059925952110749e-01
-1.620696423360714400e+00
-8.881418628003638904e-01
-5.976137628458189077e-01
7.508662653245712360e-02
3.047043891069816102e-01
2.707986542423359566e-01
-2.063491578227989898e+00
-2.154092223420856822e+00
-6.999489378086244384e-01
-1.923052620954405656e+00
-1.190042475174656333e+00
-1.823238352324558109e+00
-2.525664923067012957e+00
-9.163081460282301860e-01
-7.053979918171562336e-01
-1.131341053491800919e+00
-1.693660755921683192e-01
3.891653130028327467e-01
4.132962869715768317e-01
-1.395007157679388765e-01
3.783144940875228235e-01
4.484665905240905470e-01
-1.359992367672640423e+00
-3.922436604239954994e-01
-2.522019988246541056e-01
-4.809289896990409652e-01
-7.281681197948518536e-01
-1.703672676646857731e+00
-2.560440245893714550e+00
-1.899597677890554337e+00
-1.318525521550116597e+00
-9.191633658123720130e-01
-4.776371984659157910e-01
-5.056284193361765267e-01
-1.839263733362875852e+00
-1.332020608560700259e+00
-3.877107620074083938e-01
-1.450197363766918546e-01
1.233649295610604879e-01
4.032946038381793885e-01
-1.831473921665504045e-01
-1.062396480757412220e+00
-1.037661134381575145e+00
1.961375043222981507e-01
5.871230661474584611e-01
2.072526648296886265e-01
3.611372710359469496e-01
-5.136691358917154782e-01
3.165136709983684682e-02
1.524967443401942235e-01
1.338231757900345542e-01
-9.657134971078262797e-02
-4.950112851379931955e-01
-1.273889681926807071e+00
-1.472164966657419694e+00
-1.955828568922455046e+00
-2.052438822965623189e+00
-1.183686953751082793e+00
-7.735502437678066778e-01
-1.409070551111552216e+00
-2.063168964780257575e+00
-1.262008686915167655e+00
-1.686343715308641800e+00
-1.940698192129393540e+00
-1.309572999483067601e+00
-1.556582835028033740e+00
-1.678645679718126837e+00
-3.990674556063444900e-01
-7.636366847493027965e-01
-3.102652509776036016e-01
-1.373816849523106232e-01
-6.118974865191141310e-01
3.404685406436304129e-01
1.096183952448859245e-02
6.313388592820812217e-01
7.538496649773449576e-01
1.020205368916076383e+00
1.167634804666971560e-01
-2.580849720489775678e-01
-7.672907497417913447e-01
-3.019508293690966738e-01
-1.278728489453619943e-01
1.908410038683620025e-01
7.176720435616557037e-02
-4.054197158474995843e-01
-8.229973894057724948e-01
-1.891039269242533294e+00
-1.015158713105511090e+00
-1.044131347061113768e+00
-1.067418626220103306e+00
-1.013283181789841336e+00
-1.553914962978517611e+00
-1.916057701349311637e+00
-2.428807780794168814e+00
-1.634719107387767156e+00
-9.344604739136096461e-01
-8.866587706470078212e-01
-1.964437008604267065e+00
-1.223039322641688464e+00
-2.108102288103011812e+00
-1.563328372120724064e+00
-1.924084059021665016e+00
-1.146256794852142935e+00
-1.176539071433851058e+00
-1.208025457669987812e+00
-1.520711271259935771e+00
-1.896824678075512027e+00
-9.286683812968660190e-01
-3.289542069600169816e-01
2.486253719616301483e-01
2.841047177251549982e-01
1.410303228915339435e-01
2.170914143991372613e-01
3.580382721679804536e-01
6.234263634218883965e-02
2.953985355301095295e-01
-1.000485324175961033e+00
-2.478070766373106082e+00
-1.322947167253786471e+00
-5.600434284714234101e-01
-1.193292786717781828e+00
-8.385530209582303662e-01
-9.123402229950353659e-01
-5.983302155473501083e-01
-1.125975751160581684e+00
-1.299488376680979496e+00
-1.177428294540574072e+00
-1.735533188784516456e+00
-2.436056822031124725e+00
-2.272580764396191277e+00
-1.834147624028010570e+00
-6.591749829645653369e-01
-5.864278245847145410e-01
6.940747431152693991e-03
-2.464079416962918767e-01
-1.269621586812774705e-02
1.284678432138659510e-01
-8.238870220855957216e-01
-1.101780868734858476e-01
-2.789045435590985500e-01
4.276249208666069723e-01
6.664514997196446799e-02
4.218373654821701013e-01
-2.938877498979669545e-01
3.900884452215249709e-01
5.510882608184588527e-01
-2.057538923131498887e-01
1.412293935743157425e-01
3.125191074552040593e-01
4.542045003426109506e-01
-8.270510799697180504e-01
-3.025527053756968954e-01
1.809235754712362754e-01
3.399809595618833447e-01
6.096435685042878028e-01
5.932011897763997954e-01
-7.829860917296682654e-02
-2.882086178853415781e-01
-6.887128435057698894e-01
-2.575078842866548312e-01
-4.562413386642032442e-01
-6.041297874743353225e-01
1.981679922310793929e-01
3.815928937649916142e-01
-5.680079898104143377e-01
-8.711857599981320810e-01
-1.907700952617435997e+00
-2.846108147796480026e-01
-4.259960439101904139e-01
2.135477982939121278e-01
1.690123707531389075e-01
-7.518367548269411227e-02
-5.943730276212305652e-01
-1.060287486890605813e+00
-1.211771717039851204e+00
-2.679099206433743774e-01
-5.239182123584987805e-01
-2.827220425909475754e-01
1.873502238923325791e-01
3.717233949592622100e-01
2.259371474301803406e-01
2.919941045359796261e-01
3.323902496187353117e-01
2.165510698679751211e-02
1.832698605940041858e-02
-5.099593675915403690e-02
1.444258487454620488e-01
8.447674541470362453e-02
2.475784094056713291e-01
4.604821829400118638e-02
-5.404140816430897942e-01
-3.056730312863897847e-02
2.194878241852813439e-01
-1.876037293938470629e-02
-3.265824341558609678e-02
-1.825441938499561267e-01
3.780851673014817838e-01
-5.089100375011933464e-01
-1.351101337840590055e-01
1.197886144712797529e-01
-1.153343297685192059e-01
-1.054865898156482684e+00
-4.661744019245948056e-01
-5.081772203078379624e-01
-3.278970875717707179e-01
-2.238209565550897118e-01
-1.241201807546244984e-01
-1.301428475077508473e-01
-1.345333750384322125e-01
-2.873659596173441244e-01
-5.037687641689002627e-01
-7.536008275335820406e-01
-5.466328389251990938e-01
-1.437596547083293430e+00
-2.561809012283933207e-01
4.267656512145674430e-01
4.132861560931989642e-01
-3.474085970421486591e-01
-5.411716124180920851e-01
-1.204950440037782844e+00
-6.582126789427801272e-01
-3.074955018660289197e-01
-7.062916888415660122e-02
-2.884836071748795305e-01
-8.763364344949808871e-02
-6.370136166704095659e-01
-2.108374287392562607e+00
-1.922549784143922968e+00
-6.406702228732097382e-01
9.058204705184103034e-02
-1.503358828851886209e-02
4.202683511704923269e-01
-5.753063118728585223e-04
-3.345220794204867287e-01
-3.498289636497459165e-01
-8.853053262354348973e-02
1.039323671214076317e-02
-7.917617527297193813e-02
-8.678659542286595308e-01
-1.314141876472624260e+00
-4.046017052159009975e-01
-5.567728228631203535e-01
-1.201409377408879653e-01
-2.038833532975832252e-01
-5.494143818250489808e-01
-1.627907906774295199e-01
-2.122116056715499521e-01
-2.229459049859529252e+00
-2.215007436628035009e+00
-1.710373902725141670e+00
-3.027146444813303416e-01
-1.145010092154643555e-01
-2.299609788805067057e-01
3.672158218968548660e-01
5.593219033418950215e-01
5.700365929532906772e-01
3.847134998267298656e-02
-4.073415908291906362e-01
-5.434915725171584056e-01
-2.946083751083583557e-01
-8.634882139198043483e-01
-1.720282963844488977e+00
-1.506620730427271848e+00
-1.366636073453219691e+00
-1.182423400671532843e+00
-1.127915435746219330e+00
-2.132404736882845597e+00
-1.331760364374777073e+00
-1.668190805102464980e+00
-2.225301658842695929e+00
-1.483385506179156099e+00
-5.084774564453135026e-01
1.198538512924358646e-01
1.940001738383929641e-01
4.652592573956311206e-01
2.615108595412394266e-01
6.169884885978671463e-02
-7.881532418550671881e-01
-7.743594106849920333e-01
-1.797316758494664768e-01
-2.484473854164761519e-01
-4.240371100366758794e-01
-1.537136392859953071e+00
-1.302532663021600978e+00
-2.905847211906374961e-01
1.415880321502007710e-01
6.089479702367277536e-01
6.270892229844708954e-01
3.540242685152706903e-01
7.095999245088313589e-01
8.754381854473389790e-01
1.186483443978074925e+00
8.832400420407837682e-01
3.527596519937611363e-01
7.053028269263801331e-01
6.953874847083125754e-01
8.639698121498597949e-01
-1.031006135290793990e-01
3.449778286848048658e-01
4.508423127759111360e-01
4.713625543477559798e-01
2.970146386831101770e-01
2.342290467905459028e-01
9.381790933551836797e-02
3.628367129127790802e-01
2.844443503676674645e-01
3.360191240359045040e-02
5.477587818345266424e-01
-6.607514056948615710e-02
9.673853813175481431e-02
2.279962507631791979e-01
-4.604228957766209884e-02
2.827221893330392755e-01
5.989342738581531211e-01
4.824013631961749926e-01
3.847364454525070698e-02
-4.789343020660634664e-01
-1.669028385518126489e-01
-6.635765137473563779e-01
-1.605587856696328197e+00
-2.165343196631180689e+00
-1.319193894209252260e+00
-1.254289317587271579e+00
-2.026243134515146593e+00
-2.385350080356568370e+00
-1.037596429252267249e+00
-2.051685269765122221e-01
-3.754398204640656544e-01
1.541075060602322688e-01
1.026876183489984218e-01
8.809847009533433582e-02
1.786863900908934877e-01
-1.189507370563615662e+00
-9.214496725057066406e-01
-3.316329183663903057e-01
-3.636319645197457762e-01
-2.453256276111563938e-01
-1.659196385224643855e-01
-7.616995601036529173e-01
-1.833349785121024533e-01
3.478081455303172476e-02
-9.454246733727159624e-01
-1.720591313927511523e+00
-1.138118770004349134e+00
3.970790023964875237e-01
3.217967839680297981e-01
2.632375004295123277e-01
5.766045294899209139e-01
8.084595667924669993e-01
2.010908964421986855e-01
-1.393004286692902660e+00
-7.103978536742430183e-01
-1.676248532879450748e-01
-1.465850724869808941e+00
-4.227503828562964028e-01
6.624216286200457215e-02
-1.379214883460777585e-01
3.331920869695214060e-01
3.656028665396746646e-01
3.245142548420161255e-01
5.171870636277422495e-01
3.805003605959984547e-01
4.171520068537712955e-01
2.414557068535572171e-02
4.840692362961491746e-01
1.341362051279757495e-01
7.435615353781699355e-02
-1.846004916334078594e-01
2.081936007029127067e-01
6.127755763195652516e-02
-1.699460657854913181e+00
-2.224785088986316772e+00
-2.351869119030435051e+00
-1.077094446248254123e+00
-1.555360437646946981e+00
-2.589486874430119157e-01
-1.433860017840123957e-01
3.543119668168291936e-01
2.021707697893879718e-01
3.337319756741659038e-01
-1.622814976907435147e-01
1.772690909021068517e-02
3.539151768595083514e-02
7.311236984664948313e-02
-1.047110895574616674e+00
-4.649089393705487794e-01
-5.284185148087980899e-01
-1.051106063975864924e+00
-1.913688631993128109e+00
-1.073972836811602383e+00
-2.963376295004398475e-01
-7.709367134706234248e-01
-6.496580135172927983e-01
-2.011351991341828516e+00
-2.142087945820461137e+00
-1.593100517347931566e+00
-3.203924319249864539e-01
-3.492659463926414132e-01
-2.065935340501999784e-01
-1.536884624645878938e-01
-2.897141935205043706e-01
-2.458460857970200530e-01
-1.492872691999732604e-01
9.380909198895226453e-03
1.232285784823707875e-01
-1.357059057504188093e+00
-6.862698281418023738e-01
7.169582169657262583e-02
1.735997532100914675e-01
3.612461125244147420e-01
-1.655207388498319832e-01
-4.527765427530626718e-01
-3.342616768987830000e-01
-3.917005220838202240e-01
-3.900950146742940272e-01
-3.981527075554386341e-01
-5.222776322544298022e-01
-9.426947536280403384e-01
-2.803113131098357025e-01
-3.441761479574952931e-01
3.472347462337393997e-01
8.955378480743465541e-01
9.066523208598280537e-01
6.702754706943097052e-01
7.859567842475669863e-01
8.859471647877847911e-01
6.563583110337700699e-01
2.096678688200871443e-01
-2.416740403626215228e-01
-2.491312794127598096e-02
-8.133525299776370732e-01
1.420890248625383823e-02
-1.158190656987366784e-01
1.401292918479246641e-01
5.416605918269854492e-01
4.332157744141438283e-01
-1.451693539513235764e+00
-1.838025072210349498e+00
-2.051811161881744727e-02
-1.321656708985806006e+00
-1.333277503967359223e+00
-5.835117104007461197e-01
-1.133136038416544977e+00
-8.669158975942972134e-01
-3.267229922573265943e-01
-2.880704275250524082e-01
-3.329802694264004659e-01
-6.208886885914790543e-01
-8.861975609459493697e-01
-3.388309007318350830e-01
-1.528356048531958944e+00
-2.234197943148604537e+00
-1.899891162296401204e+00
-3.757697743013348468e-01
2.307541103799318760e-01
7.933853066363050210e-02
1.344754567116804855e-01
4.664977092726514396e-01
5.490336194076328447e-01
5.436059439593408094e-01
-1.142137819508618479e-01
-9.881723221959836101e-01
-2.443380632550230525e-01
3.911072276987995755e-01
1.958311693246423957e-01
1.236063099956381528e-01
-8.298688602017368909e-01
-3.362049406106735194e-01
-4.306346506369309601e-01
1.375447483899300272e-01
4.729242831221931453e-01
1.623289068223431331e-01
5.674759555437420833e-01
2.872500296158597699e-01
3.010594897656120317e-01
-5.981807595156740653e-02
-2.354480216288747929e-01
-1.716137818352935218e-01
-2.510355387291003382e-01
-5.659596784474241193e-02
5.701695569311004963e-02
4.865485992350371269e-01
1.502279627540333840e-01
6.288139224153310725e-01
6.653210262862037094e-01
9.971361984134390344e-01
8.597301974997255680e-01
1.082728505992738954e+00
1.155419064530440520e+00
-5.097376182290161983e-01
7.508051565301925301e-01
3.342363928166541820e-01
5.450379856987310756e-01
1.049535413009280438e-01
-4.238429292053735864e-02
4.772065401497813664e-01
1.123552911417624589e-01
-8.196019207491067604e-02
-2.956973835719745036e-01
-2.042616658912602690e-01
-2.097712915507083942e+00
-1.598741329541983447e+00
-2.556638471830865456e-01
-2.126770615731069514e-01
3.376485331534757606e-01
5.099509952555123515e-01
4.804652890318092950e-01
-6.538171490566571098e-01
-1.790915140280300966e+00
-8.831695491890183547e-01
-1.476325131626763820e+00
-1.838846158032353850e+00
-7.088936949165076662e-01
1.548094504742580924e-01
6.604337397960264866e-01
1.992272587550102392e-01
1.592439069386000217e-01
-5.204920744909040664e-01
-3.030766587807909307e-02
3.528453384384967473e-01
2.997036123105735195e-01
2.410711916080133799e-01
5.891684937619199314e-01
7.685930380540344498e-01
3.162730304429998140e-01
-1.974404291186686589e-01
5.085046402608983662e-02
-9.741943363985019477e-01
-4.844097036815986357e-03
2.518322355283421077e-01
-4.497393092477286469e-02
-7.258376089021915112e-01
3.520220401870951532e-01
5.852449436253230886e-01
4.615306646432653093e-01
-7.378529553180267486e-01
-1.194578539957289021e+00
5.300311587586303830e-01
8.623747816977405112e-01
-7.349821250307551068e-01
-8.208111932985587833e-01
2.502082907888530938e-01
7.146534400019504130e-01
7.326565901702413175e-01
4.701017896288384179e-01
-6.730447016221373646e-01
-1.422035016730504031e-01
-6.139627059958197020e-02
-1.819064693271362776e-01
-1.369271731186565422e+00
-2.853348631151926273e-01
-2.217512613372588648e-01
2.932469107398347763e-01
3.431438713507861671e-02
-5.412713165273637106e-01
-7.949980150202142770e-01
-3.603212334990194554e-01
2.795578999571098899e-01
2.624317631802691730e-01
1.436204456580132405e-01
6.783052148017489902e-01
1.383952966455888278e+00
-6.468600621015758723e-01
3.327749827396977444e-01
-8.785149544380518316e-01
3.253308519307528401e-01
-3.633968842189598814e-01
7.710022752407457158e-01
6.055421093443389413e-01
-7.868915865068468740e-01
2.252917909882404812e-01
3.117147347845634631e-01
1.316889710723855300e-01
4.224873492618372861e-01
-4.556598050501855512e-01
9.983579393187351769e-01
1.260728290757073600e+00
-3.536704924285386520e-01
-6.248835576073862308e-01
-7.827167937506780415e-01
-1.285779209600856898e+00
-1.003619010301995740e+00
-9.203030506715348391e-01
-1.136872320578588003e-01
-1.649078243095513097e-01
2.629892322135581884e-01
2.469653182728513974e-01
-1.299781679481487595e-01
-5.537195012381650461e-01
3.225199989023996849e-01
2.321131463815880869e-01
-3.207367171305262055e-01
3.919257451962402383e-01
-1.995336364398744289e-01
7.273953584377714776e-01
7.364218142068323925e-02
6.714496161870742164e-01
-4.707046851185556768e-01
-7.697924794747529331e-01
5.705003710919431814e-02
-5.852100645834656945e-02
6.321244499474332201e-02
-3.607740117291292625e-01
-2.471629119729393809e-01
-1.107366834641426712e-01
2.512009060469204691e-01
3.206289071875370045e-01
6.692645291917662664e-01
3.036832642945681560e-01
2.876106555478596949e-02
5.964949894410784825e-01
7.194271897100830149e-01
1.265741895128326577e+00
3.600277335789575650e-01
7.267109797429991414e-01
-1.271317261494969930e+00
-6.260827431209881055e-02
-1.050989434096144315e+00
-1.823875445662056505e-01
3.500421923023671056e-01
5.478827865191397972e-01
-3.124622299832572336e-01
-5.219782342740109105e-01
-1.447648121527314480e+00
-9.690462805733387475e-01
-1.725938820019360387e-01
-2.311623140805464383e-01
-1.009433014653619010e-01
7.095086447885756709e-02
-2.301144196332924885e-01
-2.102346376903690972e-01
1.282206738202362750e-02
1.195237546168046450e-01
-2.938327886314812121e-01
5.793850691656283747e-01
2.314733092163505646e-01
1.084021510483536899e+00
1.167479311113254203e+00
1.032344617995293312e+00
1.105890174715161267e+00
-5.630376947198963977e-01
-4.273412569500106839e-01
-1.519701226076110023e-01
4.156567359074969659e-02
-7.715233538849552986e-02
5.093854188230311220e-01
7.705159419448743829e-01
1.122872417156339786e+00
1.185473340637159589e+00
1.294199836620839816e+00
1.141515561703927650e+00
3.938803617389589062e-01
8.560946740063826166e-01
7.550377199856537214e-01
4.224154680451583932e-01
7.675493364364238680e-03
3.216706922778422850e-01
3.334375497927732912e-02
-5.534577355607916971e-03
4.441822348981541158e-01
-7.923899885981438018e-01
-2.654629750202089911e-01
-1.069985757778635360e-01
-7.957548413543008570e-01
-3.658196769271584436e-01
-4.545432049152341447e-01
-3.278840933454177931e-01
-8.561845043572037239e-01
-3.294486972457514318e-01
1.090485325630896618e-02
1.688675448956700187e-01
-1.896357761597589064e-02
-2.599413906012608688e-01
-3.334664039659557266e-01
-6.378294066842271626e-02
-6.817135279206908427e-01
-1.237527063996828991e+00
-1.832607566798547305e+00
-1.162438404082243970e+00
-8.412536602413509534e-01
-4.486437654594181978e-01
-4.656733230055704054e-01
-5.913979096065921093e-01
-5.879421409173271051e-01
-5.254194383320835993e-01
-3.811825712121598153e-01
-1.757017202831855363e-01
-6.425821303161716180e-02
1.868131283597926906e-01
-2.109010158725298512e-01
-2.618125832034415845e-01
-1.778567568798893328e-01
-3.737656460792357915e-01
-3.366752215640604895e-01
-7.054748265019027409e-01
2.892522672795120320e-01
3.591745840936125811e-01
5.789889045742817597e-01
6.148147525538993907e-01
4.933682592897812302e-01
7.242853372060520378e-02
5.340927785268059225e-01
2.747831889944909456e-01
5.924528569509506237e-01
7.506270766257230331e-01
3.594626246040492079e-01
4.825733135364218551e-01
3.995871660226089084e-01
1.083861064912982064e-01
-6.431077220509874293e-01
-5.035771545542508942e-01
-1.005632728218360805e-01
-6.014347202188026209e-01
-2.327495818246141379e-01
-2.413922590908628152e-01
-1.190140909737858133e+00
-1.232712870029631480e+00
-1.737777116711934022e+00
-1.899554756756082430e+00
-1.810292661431248229e+00
-2.096041155854811322e+00
-1.928049501118720199e+00
-1.073341283721426898e+00
-1.570062187081943117e-01
1.786086010295462323e-02
2.456718840343602439e-01
1.222382883486002880e-01
1.003065525386989121e-01
3.659019456850708396e-01
4.902605849696424212e-01
3.652954273326318724e-01
5.893785082306579604e-02
2.449134030815940388e-01
3.887273796457701991e-02
4.431941253747058163e-01
-3.109939786539602791e-01
2.370556706663207169e-02
5.510565306785151218e-01
3.283267784506671561e-01
8.445645301208615230e-02
-4.065174637103320388e-01
-1.503067955986605586e-01
-1.653434083571551083e-01
3.650039249313172807e-01
4.131295408956232595e-01
6.055788102813079998e-01
5.524618210532941109e-01
4.287337509802349178e-01
4.019715774938809050e-01
5.011954704428607243e-01
5.495536715165172392e-01
-9.140487554530418723e-02
-1.487941490535593658e-02
-7.897217873214845696e-02
-3.737338306501990504e-01
-4.296441090861302659e-02
-2.158724354249202948e-01
1.230085460697993849e-02
-6.134590281522990241e-01
-6.282240221911283840e-02
-3.014906544595891136e-01
-5.366330968985350003e-01
-3.591670404799195415e-01
-1.293074628049182939e+00
-1.782603079307521154e+00
-1.480803507171596589e+00
-1.771853416211749854e+00
-1.070612271166874629e+00
-1.002298647073577964e+00
-1.754092733390513859e+00
-1.396287501223267835e+00
-1.242871701881060220e+00
-1.547322493033846946e+00
-1.483568355850263254e+00
-3.611296115875870516e-01
6.307973763357943575e-02
-1.134214009487131580e+00
-3.004303612009656121e-01
-1.276780532840470439e+00
-1.489381274656333964e+00
-3.313440098082309215e-01
-1.938434570367652210e+00
-1.175947998017405016e+00
-3.706680799341490196e-01
4.964624212443891071e-02
7.045027361564559776e-02
-2.882649159631269775e-01
-1.838748818166098808e-01
-9.620681405809788922e-01
-9.863970590347160838e-01
-6.464813398351733076e-01
-5.114932173831316931e-01
-6.180491054489077873e-01
-2.315483320046491378e-01
2.876859009717347426e-02
1.485522519980653211e-02
-7.373578224736287989e-02
7.142308860471091592e-02
1.136563413934840172e-01
1.274950876770769570e-01
1.120670118406270621e-01
8.423559142082681639e-02
5.552139363140917716e-03
-1.322557046517000012e-01
1.185303024204564792e-02
-4.973054641364438311e-02
-1.624413540938047573e+00
-1.832979627782023169e+00
-9.786032569460838548e-01
-1.683724316414327848e-01
-3.209470527693928377e-01
-2.611015833609700576e-01
6.724522275263844495e-02
5.599984204200603166e-02
1.010737224629176811e-01
2.888605716214420749e-02
1.424476297370343980e-01
-3.795068002652027261e-01
-1.306322076159570855e+00
-2.106945035802757493e-01
3.695254829149918763e-02
-9.321736336328805272e-01
-8.240746074541293043e-01
-1.284275330973141394e+00
-1.842578045116381125e+00
-1.942957899865060512e+00
-1.160958428553111155e+00
-1.231801971477967328e+00
-1.139493634991281201e+00
-7.176211699159399382e-01
-3.724746603806612377e-01
-1.174631195971603814e-01
5.270476799170509263e-02
-2.921159093136611040e-01
-3.979273460156184106e-01
-1.179888338732016706e+00
-6.476335910187356326e-01
-1.074094494207283201e+00
-1.132190407681740174e-01
-6.050181873218374307e-02
-4.904400121092447051e-01
2.877094259620516237e-02
-1.130219842333406222e+00
-1.259031673406247331e-01
6.548220448241703906e-02
-7.776727996167840384e-01
-9.177389580008189496e-01
-5.034594168632225974e-01
-1.261424828516208851e-01
-5.684957368685600310e-01
-1.335607492265307172e+00
-8.797064007865804669e-01
-3.177904546964048227e-01
-4.438743725999147460e-01
-4.224528565990047779e-01
-2.553985473743747292e-01
-1.190598192510442299e+00
-1.541721643530840513e+00
-2.053229385541233576e+00
-6.652029000275849757e-01
-2.696384650531388760e-01
2.835914702487873917e-02
-6.879562327904487073e-02
-2.446457313774417219e-01
-1.192887861060438537e+00
-1.878154951350670565e+00
-2.318213708432580233e+00
-2.816039077180499284e+00
-1.332972758905138111e+00
-9.791443794029102143e-01
-6.383312747248479635e-01
-1.229821062641434981e+00
-9.123683687254424690e-01
-1.496080035814006948e+00
-1.032933105931827189e+00
-1.453386865022313845e+00
-1.545273742608290313e+00
-2.764247081159689756e-01
-4.828720079953741084e-02
-2.224801787769059569e-02
-1.911490211778539838e-01
-1.213233507859463600e-01
-6.901903892497194271e-01
-1.862537718581223078e-01
-9.346872874416045640e-02
-5.287055453192834875e-01
-1.027145134192501086e+00
-1.259119759764745439e+00
-2.313842241351060203e+00
-2.201944970557757841e+00
-2.213759499720680424e+00
-2.381988956908326127e+00
-1.935002415889894190e+00
-9.536198379733646924e-01
-6.890370404555465900e-01
-4.618665510605179936e-01
-7.981355886890562079e-01
-4.777874523278698438e-01
-1.521553425309902785e-01
-1.388627775542680132e-01
-5.658741130676976372e-01
-9.595070192050648705e-01
-1.538058451190921438e+00
-1.820886781662357956e+00
-6.934123505297572487e-01
-1.030244042374934388e+00
-1.412851297344020374e+00
-1.204731986646336406e+00
-1.704010085591330048e+00
-2.193804670362234255e+00
-2.053497230179227806e+00
-1.417421209847489871e+00
-1.041031352863413417e+00
-1.432331736263319222e+00
-2.134489091657372217e+00
-2.029908827133903415e+00
-7.855026449451881776e-01
-4.801607241467919507e-01
-3.943617091289318144e-01
-8.652576127958595542e-01
-1.849848243588266383e+00
-2.072388149292649917e-01
-1.541784144183588334e-01
-1.279234250751911661e-01
5.207318922991643895e-03
-5.849916259925658224e-02
1.207487809408371859e-01
-6.479658800929799511e-02
7.823896457686418948e-02
-1.601398334544268387e-02
-6.603423602009017568e-02
1.055296081834411481e-03
-2.373386133097408202e-01
-4.103678254442469919e-01
-2.981500572524166115e-01
-1.259407240156488195e-01
-1.520687369341260364e-01
-3.935037378900008154e-01
-9.785097882923715629e-02
-2.723770349054648321e-01
4.315680996562876182e-03
-1.070415109864784609e-01
-2.071861448861889166e-02
-2.323716465199721082e-02
-2.616245575258718814e-01
-9.196967626280699859e-02
8.929531392292355818e-03
-2.330581890267047207e-02
-6.666450789277776900e-01
-2.969377964220513144e-01
-2.009856806111010030e-02
-7.756672121619700988e-02
7.131675238588830457e-02
-5.501595027636951851e-02
2.093693717582501002e-02
-8.611755957193600874e-02
-1.590150822650780449e-01
-2.336078676734909543e-03
-1.550567247859303555e-01
-1.516658302793122415e-01
-1.889756545583531899e-01
5.751823163334535138e-02
-5.696509042192521299e-02
-1.775426601926418657e-01
-1.680216740615025905e-02
-7.263370153507886506e-01
-1.264313397082541535e+00
-1.662561709595520520e+00
-6.171112122013295842e-01
-7.769178966627300342e-01
-4.725256540114826653e-01
-3.839812742487291874e-02
-4.303229769978966779e-02
-8.485498190859730450e-02
-1.025766524424033266e-01
5.750486314523151066e-02
-1.625105870146863474e-01
-5.756484870692857303e-02
1.634424237350198261e-01
5.595684187094718265e-02
1.059566666200713048e-01
-7.723792303782772706e-02
-8.675632961279983180e-02
-5.253890387106696647e-02
9.314782448068303911e-02
1.507264366876281958e-02
-2.334829353068236801e-01
-7.320009265870226489e-01
-1.023629835744266359e-01
-1.134687447819640038e-01
-1.160387589398530483e-01
2.075698778269896572e-02
-2.390929232248562020e-02
2.053851728555877720e-02
-5.935963396394394742e-02
-1.353888762965076986e-01
-9.687493117782308705e-02
-2.297562454180102076e-02
-1.703844089432062225e-01
-4.065042445648847647e-02
-4.010714758160829341e-01
-1.936623244015733269e-01
-1.064820278740303383e+00
-3.480562310859990904e-01
-1.593220957430195872e-01
-2.042197308728981309e-01
-2.867447693873703685e-02
-1.404266633129379049e-01
-1.799777503086086305e-01
-1.935473958756261936e-04
-1.373417488767296746e-01
-2.753599349395102203e-01
-2.502464032593800236e-01
-8.498098087355893115e-02
-3.277569777518478666e-01
-8.439986520665683223e-01
-1.767443769590553826e+00
-2.118609189431409412e+00
-4.475053381276334896e-01
-1.990160552425072060e-01
1.065371290958769812e-01
-6.967944750265187004e-01
-1.672413099077003196e+00
-1.719722474508620591e+00
-7.124013976603809084e-01
-5.870058130369486538e-01
-4.940145192202107238e-01
-3.487444330733249775e-01
-3.216014767806680830e-01
-2.035350950256585301e-01
1.603916854913223222e-02
5.212636191399155905e-02
-1.839736796428581567e-02
-7.986589029037227672e-02
-5.157938740018463974e-02
-1.772549248300447911e-02
-7.949385134419229004e-02
-1.949006613501142460e-01
-3.132407698345910374e-01
-2.016318247858172041e-01
2.569250474272599671e-02
-1.697764629360029587e-01
-1.045714570222465722e-01
1.041330647448728275e-01
-1.045925900188258151e-01
-1.057472710109297331e-01
1.267891336629178856e-01
-1.234509466122150290e+00
-1.811897618946334942e+00
-2.122432687658839967e+00
-2.327374317056787767e+00
-1.068702846053919853e+00
-1.680880133537347998e-01
6.780825912522647769e-02
1.096665818899629219e-01
7.905934353926924452e-02
1.191153508363682612e-01
3.228523533347513741e-01
3.118783668761406780e-01
4.155752884105090583e-01
2.736080794982489461e-01
4.454691520260325444e-01
8.228101718584390767e-02
-5.115530346071061052e-01
-1.141407631898342823e+00
-1.299161300432531529e+00
-1.486833375460238749e+00
-1.762635588195889502e+00
-1.387661831914281052e+00
-1.031515727248869752e+00
-5.617095533103886318e-01
-1.640139408959796041e+00
-1.080713036813848893e+00
-1.681382131037589267e-01
-1.850160904543185492e-02
4.262503420128307408e-01
3.616499162671561463e-01
1.084478703872674421e-01
-6.187496597812480736e-02
-2.715452861010844154e-01
-4.178981143277157306e-01
-2.347522867190030560e-01
2.918262898361700941e-01
1.382490886987959300e-01
2.836236280952317834e-01
-1.034276468707420182e-01
-6.988984493828100941e-01
2.618113129845796028e-01
4.768116428473783142e-01
8.370825033769959678e-01
7.184413121638852928e-01
7.855849834142760724e-01
7.648431761462475276e-01
7.594573067084395834e-01
6.966468250520854166e-01
9.509984163431082216e-01
9.492564852300755529e-01
7.878892299046531544e-01
8.157051753452275733e-01
6.955221709879695347e-01
8.003068707289078265e-01
8.117539213207640714e-01
7.806744109004097876e-01
4.076796038094077090e-01
3.993655912564963995e-01
5.727766296197844831e-01
6.651255407639307116e-01
1.317261465138996446e+00
1.054540235606186593e+00
1.522823066822028393e+00
1.103238594275015805e+00
8.498833370582161706e-01
7.376491074734390363e-01
7.066243954152362505e-01
8.158485610544214950e-01
6.273844960438919038e-01
5.783569480027423992e-01
2.426279318290343046e-01
9.880864677734080281e-02
-2.841951479973335859e-01
-4.105747947633839878e-01
-4.647245057384180034e-01
-9.372789804040161377e-01
-2.278110118534762307e+00
-1.518953233320283758e+00
-1.486273284098040381e+00
-2.050158393453187511e-01
1.251404554014144965e-01
4.294234848152047590e-01
4.102317561893907838e-01
5.084242563699852280e-01
5.949734200970302478e-01
6.995390197274851118e-01
7.065837997291024575e-01
-2.054923130566980727e-01
1.670908318546656668e-01
-6.123398584508719100e-01
-8.041668203117635638e-02
5.236945248066500191e-01
-5.931043849401537171e-01
-1.136109035698750880e+00
-8.597611506877806953e-01
4.860340868440873319e-01
6.595555663167456117e-01
-1.850758558050950020e-01
3.145604457322604963e-01
2.232604060451761629e-01
4.447923454312037173e-01
8.027552419467347544e-01
8.061082770421095223e-01
1.137221309373154687e+00
2.899500872265418083e-01
8.940639527137235198e-01
1.107189603240989140e+00
1.268039874566414760e+00
6.558561370662654433e-01
5.776490470364168406e-01
7.470629972017992504e-01
1.009747797139572745e+00
7.136294057252758893e-01
4.748284435697009975e-01
1.104412137059827215e+00
1.045499156994134538e+00
8.232303450794533628e-01
1.135889887772146833e+00
9.003422130348939234e-01
2.857641078974992865e-01
3.947174656789004255e-01
8.809024136277383565e-01
-1.011924682230933348e+00
-1.142864334916119606e+00
-1.258256236555800767e+00
-3.308528108002148915e-01
-8.328606331988148703e-01
7.980952400162832916e-04
2.818852351535916512e-01
1.339410359417314567e-02
7.276223109885626705e-01
5.964122900795403304e-01
7.162493831139986611e-01
9.795435121332440875e-01
9.050384074480961605e-01
3.683992556913344707e-01
3.043187637270876600e-01
-4.276946351529820056e-02
-7.336340652476975865e-01
-9.911711978389944333e-01
-2.078090922925677653e+00
-1.893772582749956745e+00
-2.669869304052885362e-02
-1.360806326879417494e+00
-2.194275511813818191e+00
-8.733820909528097198e-01
-6.872790274622762041e-01
-1.544405782391381265e+00
-2.585087986364147383e+00
-2.025176764629917692e+00
-6.888466223092994944e-01
-6.190777929037617477e-01
-1.796982636504503850e-01
-7.466431170771770098e-02
-3.531755428069097702e-01
-8.186667452747544704e-01
-9.359049529052059224e-01
-1.357010101911948485e-01
3.895367103075132453e-01
6.028232054467372869e-01
6.639205775392582609e-01
7.676522247811730093e-01
6.671045302502724983e-01
6.378561457792457645e-01
7.037938161445675966e-01
5.237425710202214812e-02
4.279670523394645265e-01
-3.923746065238546965e-01
2.328059830049301615e-01
3.810778565544354901e-01
1.325135614866359557e-01
5.446509948640876342e-01
7.446050043236331906e-01
9.780342049696597595e-01
3.234309820142295955e-01
8.908352211134953347e-01
5.258229414773245569e-01
5.343991216737105088e-01
2.993686687321939210e-02
1.682721030539482410e-01
-7.333289884287685911e-02
-4.026365555227173765e-02
-8.783161834821073821e-02
-1.590263670497186643e+00
-1.078021000384712602e+00
-1.784988733998631671e+00
-2.398563484828294179e+00
-1.551893556803964458e+00
-1.064356548274722591e+00
-5.442825626165922470e-01
-2.381370577559726698e+00
-1.137625826756563097e+00
-1.101359802304034297e+00
-2.007451711989427956e+00
-5.544773653356237508e-01
-1.772781839299568674e-01
-5.224067080392781337e-01
-4.978053992320207177e-01
-9.423920952932505202e-01
-1.171378909247361211e+00
-1.939519356501741010e-01
-9.759464493292491216e-01
-1.251034481213077587e+00
-1.944079486954956915e+00
-1.374370048726966553e+00
-1.608741370376983282e+00
-4.537567377956845394e-01
-2.143578737383136978e+00
-1.081109293669557214e+00
-1.457097222047498253e+00
-1.400026587872657879e+00
-4.533006672419745420e-01
7.289074902203300788e-01
6.849348319406423080e-01
8.688805382054494153e-01
9.526698777066728852e-01
8.483205787380481144e-01
-7.014627608350242349e-01
-1.279122878214042247e+00
-1.031145301767527389e+00
-1.577524235173325962e-01
8.121984357712779268e-01
7.777598928312297044e-01
-1.095831638810248698e+00
-5.579236948873022017e-01
1.309871911561415470e-01
4.319660543184722368e-01
9.042170647153613405e-01
9.971376397467757169e-01
1.139520211077788892e+00
9.855419669760092649e-01
7.948131582214752466e-01
5.953739549144143606e-01
2.504228481167531939e-01
4.854462623499029572e-01
6.840114313881329178e-01
4.979382527314724083e-01
-7.676709354055814005e-01
-5.927723160804591052e-01
4.606900309683836792e-02
1.117469195206457488e-01
-1.598835973868527605e-01
-5.514145548068998259e-01
-1.376900833739597596e+00
-1.058701102990003529e+00
-2.411212549989349418e-01
-8.181523821413894115e-01
3.003590215540474784e-01
3.494330500651301463e-01
4.105222195701512256e-01
-4.900938748481753482e-02
-4.684048960752756896e-01
-5.562628264607771822e-01
-1.098905347766624185e+00
-6.135064109068393279e-01
3.683742169197123939e-01
6.092249514158591950e-01
5.444532728659281506e-01
7.034178767893577433e-01
4.710384987084772490e-01
7.039493005296117989e-01
2.474160389590968068e-01
-8.833039003634871600e-01
-3.649113963036667574e-01
-1.519525021895668626e+00
-1.927143260424241777e+00
-2.400647736600688198e+00
-7.561648352055422295e-01
-1.825473344854915636e+00
-4.498290175901704657e-01
3.859740584728932333e-01
6.499678110837228129e-01
6.762248483065429472e-01
5.074141849890765332e-01
5.656645829373532219e-01
-6.617700347031139074e-01
1.936176185172240327e-01
2.293662581796183098e-01
2.168588526456174392e-01
-9.131864229562167701e-01
-1.041206759259335701e+00
1.841773796135592889e-02
-4.036633110810005087e-01
-1.779942462606430853e+00
-9.904675917757568282e-01
-1.268032903846565418e+00
-7.639353077047579266e-01
3.182052573889584401e-01
8.922611858749032177e-01
8.971526305989201422e-01
6.067045265289976452e-01
-8.471928020056069819e-01
-6.281148546513467545e-01
4.059300317379493928e-01
-1.753095821537385968e-01
-1.084647571454762760e+00
-4.223408009553686338e-01
-6.237991281202174276e-01
-1.074220262251960989e+00
-1.629535832177033683e-01
-3.227583507150117992e-01
-8.975065235508827843e-01
-1.214092707019017059e+00
-2.409670084431747128e+00
-1.856397299172341198e+00
-7.901350580116168754e-01
-7.883024373988561928e-01
-8.602488028094072980e-01
-7.827764815323585701e-01
-6.876577350855739290e-01
-6.647647541380784508e-01
-5.411066395562724729e-01
-1.478425585719373991e-01
-7.644928135847948170e-01
1.984160808632668971e-01
4.788076820445807957e-02
3.687844177902925846e-01
4.468839174958443294e-01
1.711607705438616955e-01
-4.971496392409961995e-01
-1.092957220380889050e-01
-7.805787310410322588e-01
-1.638770081317919791e+00
-3.754071433455564710e-01
-8.059135458862847212e-01
-8.755004859600861167e-01
-1.857574023403514296e-01
-9.714335905242494906e-01
-7.216095861759836971e-01
5.071619608962485426e-02
7.370967988009951011e-01
8.603915912621931117e-01
9.322157366673573531e-01
5.309850437612457785e-01
1.780242097193385220e-01
-3.741989738735135851e-01
-5.458942020766075487e-01
-2.750257732532985777e-01
-7.352662950757646865e-01
-6.614290601659305047e-01
-1.621083496338219243e-01
2.684278600691824002e-01
-2.580888490543923330e-01
-7.181857605895436425e-01
-5.102647065563374884e-01
-1.660638423709458023e+00
-2.605504029755973505e+00
-2.362837068096514059e+00
-2.487966285770833785e+00
-2.678371445890204150e+00
