-7.007623607415863765e-02
-4.297823606035916510e-02
-2.137527479947212705e-01
-7.711849916120366855e-02
-4.124634613964528462e-02
-3.804544749197391607e-02
-1.644643517832624635e-01
1.663073471051129681e-02
-1.913567527037546290e-02
1.033048365843947103e-01
-2.208463967473572875e-01
-2.414450964500996777e-01
-8.847672489035290910e-02
2.245656817144798811e-01
-1.379185251545211321e-01
7.295613177158777329e-02
2.592455385299583526e-01
2.674950205497504951e-01
1.887825748104373647e-01
2.810588405056169137e-01
1.888956006285416045e-01
1.698939543211190895e-01
2.920198669715441397e-01
2.492921911263706880e-01
3.207048722897590798e-01
1.914560515555554510e-01
5.317691721015023187e-01
-2.155985802622523151e-02
4.427364138682843286e-02
-1.879132406270705991e-02
-1.427878788483117889e-01
1.835148055479007834e-01
7.506783717880638473e-02
1.401383536396025864e-01
2.435642050664565961e-01
5.964329726019057532e-02
2.307916555271820602e-01
4.994116868847831014e-02
1.076277190632513037e-01
3.315183293527240727e-02
1.120228004146361922e-01
4.049915040793081733e-01
6.951345657202279149e-02
-6.348748028723605330e-02
2.958147866849036856e-02
-1.042493374897822123e-01
-2.220972764386514031e-02
2.509155074691256093e-01
1.249592656580718053e-01
2.647573630844166637e-01
4.747303117449727106e-01
4.580483098592789126e-01
-6.460962070584280736e-02
2.233364756608485768e-01
4.081828969446565925e-02
1.423363817131951814e-01
7.103741319563905421e-02
-1.368893360118633717e-01
3.731610208420670372e-01
1.470427167235595078e-01
6.949603002251725226e-02
-1.717563703529220165e-01
-1.624424914146461729e-01
-1.700656980313552946e-01
2.361120167313796037e-02
-1.897713458264970177e-01
-8.131558253181564444e-02
-9.106105268093350746e-02
-2.145602366280957574e-01
-1.869702049270182131e-01
6.642032623787952339e-02
1.461305084103315943e-01
-7.683841772674993020e-02
-9.622663481278742603e-02
2.804610942689138575e-01
-1.345739095658252116e-01
5.908499814733059186e-02
1.954410515347575483e-01
2.357718726530919628e-01
2.890506448458842748e-01
3.171725306563573099e-01
3.958887484553198499e-01
3.803052447303373329e-01
1.651861582465234957e-01
3.830485128397356220e-01
4.445060180477865552e-01
6.035362670238952898e-01
4.615244645257388090e-01
3.900496883577002638e-01
3.776422453973650173e-01
4.928000480784117121e-01
2.013144887696495244e-01
2.839772593274459966e-01
2.285726880148155615e-01
-1.608469303661960170e-01
-3.800072536860921169e-02
2.615784702011154650e-01
4.016273369883743838e-01
4.607716060549906789e-01
5.534172553102911785e-01
6.188263900259753925e-01
4.348872684736616590e-01
4.153359116965468223e-01
1.657002067542144852e-01
3.832511017527890917e-01
4.180481898380173922e-01
6.884598058756901118e-01
4.649430916686896342e-01
5.766375966158125976e-01
3.592001220348853829e-01
3.561898221803778686e-01
4.315776325635648503e-01
4.481861685964413367e-01
-2.367459582922769867e-01
-2.848007288964723438e-01
-2.439065775715198170e-01
-2.471163966111246946e-01
-1.703538707400317209e-01
-1.989051010072313552e-01
-1.444556773697445173e-01
-6.840748679716118774e-02
-4.294185652278942333e-02
-1.906921153446511363e-01
1.221641888897497807e-01
-2.705911406968641852e-02
1.863111333238154366e-02
1.836287919612837882e-01
3.798745568326051814e-01
3.768050641227517206e-01
1.056929045627942321e-01
4.608954974363270729e-01
7.015806241008464283e-01
5.245626915653441857e-01
3.992804574226623826e-01
4.481501229771307493e-01
5.141556981489701084e-01
1.655589602159399654e-01
2.893589040405637469e-01
4.380719015183062170e-01
1.407006591596968725e-01
6.353689187664137705e-01
-2.921400276391080686e-01
-3.140862426555285913e-01
2.793930037238389064e-01
3.342865585721800370e-01
-3.358507678039671096e-01
3.756243273387197545e-01
1.221957753794477020e-01
2.433023899495793119e-01
-4.147492721194624976e-01
-4.350604435759107824e-01
-3.812073296137836742e-01
-2.667042022330987083e-01
-3.499570282149537248e-01
-1.864775881066426111e-01
-1.882773138405417490e-01
-3.714631570341833111e-01
-3.010329901054507595e-01
-2.371072417397920851e-01
-2.070523769757876276e-01
-4.021029614758521720e-01
-3.326096201024954513e-01
-1.520370677796082370e-01
-1.036369223473693757e-01
-1.809959489149907119e-01
2.323386326324738960e-02
1.306090378472254399e-01
3.428291151398573655e-01
4.270131429619591357e-01
3.862214782487497500e-01
6.349795378640523680e-01
2.111261560242849722e-01
1.766953416104604102e-01
6.632038950634611130e-01
4.714977442033068122e-01
1.315728663327861980e-01
4.438940887271873859e-01
4.816637587546718224e-01
1.692920996369751130e-03
5.572681404794834759e-01
3.319032375449113559e-01
5.992612557371339577e-01
4.925115851172733317e-01
-2.308648563349589289e-01
1.601583766874437043e-01
1.289920942220316169e-01
1.650316881681652692e-01
-1.915017864546496584e-01
-2.536582797094166786e-02
1.250448224007216780e-03
7.097175726249926875e-02
3.796928633468600323e-01
1.583120789163013908e-01
6.347486229242838007e-02
2.008291686227678952e-01
-2.190525305365720321e-02
-1.274390806639438822e-01
-3.994353013428708632e-03
-3.010618065898645890e-01
-1.547542914275439885e-01
-2.429975161418196639e-01
-1.033262550259896884e-01
2.024616109115074947e-01
-2.286706136584970850e-01
-1.163542376402396106e-01
-5.826731869968720945e-02
5.189573684347924543e-01
7.282005204630048745e-02
4.431682408409742813e-01
1.281235613321151767e+00
-1.148640337426609648e-01
-1.782075918960518424e-01
-8.902002999432140351e-02
9.818064332651643689e-02
-1.409020015877887611e-01
2.504648709670759255e-01
3.488686169148701444e-01
1.578625414754963874e-01
3.982297208651645049e-01
8.922039331952413832e-02
2.699861635068846466e-01
4.277636607062990093e-01
-2.112750692397921126e-01
-4.232882228261657387e-01
-1.341652321960562499e-01
3.690885088331073982e-01
-9.756790074610799390e-02
1.138349978865312861e-01
-9.747205383243134902e-02
-1.857099415625244054e-01
-2.523380348801510520e-01
-3.576918898954145609e-01
-4.149760603889485755e-01
-3.763449879359745953e-01
-3.301691316684132738e-01
-2.747722057074842850e-01
-3.142849828447690230e-01
-1.305711140909773249e-01
-1.944394344149835696e-02
6.657423446601407058e-02
4.963773522234737889e-02
9.302136336310073972e-02
-1.477354829337925723e-01
-3.508097164532341106e-01
-3.803948445862136429e-01
-3.608842423600572280e-01
-2.435426718588313277e-01
-1.651747919902603612e-01
-2.765151975681880980e-01
-2.132329488322781130e-01
1.629626412069967722e-02
1.693169000915520916e-01
-1.029718359265059391e-01
6.256051707853982347e-03
-3.461793255986849727e-01
-1.386720452062039088e-01
-1.287024494800309005e-01
1.667298677091890724e-01
-1.859347171201979343e-01
-1.933061473576086486e-02
7.452638777535569581e-02
5.547260637652751125e-02
4.883220733221490528e-01
4.060059702297708073e-02
-5.347488949972384331e-02
5.493309162623498665e-01
9.819935755804147792e-01
2.084637127727642092e-01
3.115408946913934551e-01
-9.088952524389459775e-02
3.854793263879984222e-01
-2.021957494155400825e-01
-5.197173880742556040e-02
-4.137117965419456755e-02
-2.402322480277419292e-01
-2.651024013376050981e-01
-8.841489995798706980e-02
-2.607700475496715908e-01
-3.112585133695554562e-01
-3.368317654797133853e-01
-1.375724165828411394e-01
-3.345138022549397072e-01
-3.063864120884877140e-01
-3.162854126476434269e-01
-2.681488717839630165e-01
-3.467631730947904334e-01
-1.841834174673309676e-01
-8.436037450219519007e-02
-1.276622143343530968e-02
-3.518543182697077554e-01
-5.108953642939662032e-02
-2.331297042430893474e-01
1.176860941201977040e-01
2.102288582732345645e-01
-1.053858824769101643e-01
1.332603773246878731e-01
7.910159751110723558e-02
4.210694659247767868e-01
4.854851189212838758e-01
4.380798971544002107e-01
-1.348169714001740127e-02
2.334499589632894612e-01
-6.211469691868826137e-02
-2.801815351376550911e-01
-3.591780305383846517e-01
-4.122168842497352936e-01
-3.602412989407813848e-01
-4.363981874216194545e-01
-2.199432321639987475e-01
-4.401053754767962900e-01
-3.581928795975888313e-01
-2.655852010768098292e-01
-3.098971177198337479e-01
-2.300684687437217490e-01
6.029072970921445229e-02
-2.248017819653808091e-02
2.327350464018245191e-01
7.127310681846721341e-02
8.928188141222637153e-02
2.956496301732436383e-02
-1.357904824429564394e-01
1.649591956519530500e-02
2.004218853702343095e-01
2.698809479093841057e-01
2.946829496628083911e-01
1.244718824499416732e-01
-4.197331612563616754e-01
-3.294733694136139368e-01
-2.510384510398472324e-01
-4.336496547058624751e-01
-2.681425581951771830e-01
-2.243554047920440497e-01
-1.483211428425928458e-01
1.024119860590270159e-01
2.024985428059895565e-01
-2.261350810341288819e-01
2.541217227208647511e-02
-7.269409756351286056e-02
6.100330682937671334e-02
-5.779767367648896981e-02
-5.657736618533781847e-02
-1.016629806383539392e-01
4.022011623241966705e-02
2.801281574763899718e-01
2.017939947303687420e-02
3.371936889315909625e-01
3.860801374910521888e-01
5.923960040218856360e-02
1.861309317734294311e-01
4.040593886677451563e-02
2.199290841379134553e-01
-1.222195979470955263e-01
1.267088869801868967e-01
2.562720551386480361e-01
-2.789288356624123333e-01
-1.388327594711674107e-01
-5.725263537449093443e-02
-2.440820465937769135e-01
-1.951178662610313364e-01
1.780499686561136663e-01
2.535941279662994319e-01
-2.984286236494807509e-01
-1.348502081995878177e-01
1.440867396766738473e-01
1.321340442046514685e-02
3.196635287810274395e-01
1.034467224347851433e-01
5.558355813368143217e-02
-1.368584450406289399e-01
3.402386892154529718e-01
1.790767599411141386e+00
-6.145762018544231875e-02
-1.179880640211966591e-02
4.020996063492116024e-01
3.438032251140846762e-01
3.679475614011998852e-01
3.740597953913872287e-01
5.959536871952519910e-01
4.185337540589298966e-01
-1.115830255199578014e-01
-2.361203777500408829e-01
-5.345683802307799048e-02
1.861213964908110530e-01
1.934047687721117681e-01
3.989579690324444039e-01
-8.496928992924396296e-02
2.673323536009735157e-01
4.549428827906616402e-01
1.084598945300646600e-01
2.678565551971756609e-01
3.238799228244122475e-01
-6.501792270746709068e-03
-6.651004600683907420e-03
1.376012009703575512e-02
2.838063499381487942e-01
-2.684199135354540244e-01
1.010449296059188207e-01
2.594409491108989885e-01
1.207977360516205856e-01
1.629105945791846644e-01
-6.980382319154165849e-02
-3.296103374740415592e-01
-1.583359473261343187e-01
9.225087756080685431e-02
3.078400840530932658e-01
-1.877961172765337805e-01
-1.261539983713871882e-02
-1.566931169821955683e-02
-5.342352353857998670e-02
-3.903241736129628436e-01
-3.525981086571465806e-01
-1.354159251989901502e-01
-1.375396684765853861e-01
4.173569086251349702e-02
5.880915105204409521e-02
2.743181047386785698e-01
8.686989034020897726e-02
-2.524161504741762041e-02
-2.233638987256132968e-01
-3.980371215899712878e-01
-1.217064623996571560e-01
-1.288477615244963403e-01
-1.491070651050290241e-01
-3.706450397407641262e-01
-3.661585947707563515e-01
-3.910147251779294564e-01
-3.276986163656017692e-01
-2.712512035463459092e-01
8.563838816980284818e-02
-1.189461765647129021e-01
-2.363691274295338929e-01
-3.338797812445647439e-01
-3.431675147504263945e-01
-1.518465418584773463e-01
-1.472188603756402481e-02
4.661359635122855893e-01
4.133525046869700459e-01
2.103009726481214203e-01
2.330141698373821013e-01
-7.389837626306994256e-02
1.981556775895996214e-01
-2.135807520794019698e-01
-1.888922151509598857e-01
-1.658712321379739452e-01
-7.437253987101066777e-02
2.826919522202668844e-01
6.284413803762789463e-02
-2.388074218871358845e-01
-1.262536465818789311e-01
1.785584734786894723e-01
3.700005438799147672e-01
6.070081742881987541e-01
7.804591609992650447e-01
5.139167630554356547e-01
5.142407282898070475e-01
3.035200607105787984e-01
2.565795570585734930e-01
5.093739778598581625e-01
4.847703001577523541e-01
2.030696713904933670e-01
-3.405786086876074203e-01
-3.881624717124110835e-01
-3.366366078104277015e-01
-3.371255863778078732e-01
-4.134446929053515740e-01
-3.719617823309611104e-01
-2.261527000925946662e-01
-3.572134115293352785e-01
-2.911072425707532663e-01
-2.965851101314277982e-01
-3.158529550808162334e-01
-4.198389680831533521e-01
-3.826782108918963532e-01
-2.217268986182969748e-01
-2.326521772308988434e-01
-1.291528082496456453e-01
-3.467954626805261897e-01
-2.827611517512239603e-01
-7.924947632772233463e-02
-1.115027431625076892e-01
1.964305177024866511e-02
1.115223384241258442e-01
-9.092505687511748258e-02
-4.084444385094593843e-01
-2.106326912565915088e-01
-2.939669052987148312e-02
5.672394991493623362e-02
-1.408534583629249548e-01
-1.712072468734181507e-01
1.135466446388474493e-01
-2.337373230075142083e-01
-1.162395410988006361e-01
1.645936122714262151e-01
-6.820820818543837927e-02
7.069738029075178787e-02
4.176583487496718927e-01
1.628467866351366311e-01
2.976952152554184217e-01
3.232737239799574613e-01
3.206049398718631149e-01
5.960075658098200613e-01
-1.007977569622464653e-02
-3.387881430851082398e-01
-2.047671576133522076e-01
-9.685602991567060505e-02
1.783165800286707903e-01
-2.139554223726136684e-03
-2.548458910917423825e-01
-2.085154521677886896e-01
2.851337580001654937e-01
-6.423402831136304503e-02
3.336527282198764599e-01
3.140533747937092057e-01
-1.429986650533884296e-01
2.692190452054112892e-01
1.695190462649542873e-01
4.950422766985496104e-01
7.312006381220652607e-01
8.080033059518867411e-01
3.867411511823614090e-01
4.313570089026242949e-01
5.101546368479484839e-01
2.063499036795041208e-01
-9.043710005455912748e-02
-3.859773158846353525e-01
-3.199296411506439841e-01
3.390828941181578404e-02
1.924791089827365687e-01
-3.903263122501550719e-01
-2.794394087857186015e-01
-2.513535768347245902e-01
-1.516699827280573176e-01
4.915045451501853790e-02
1.051091869893229225e-01
-3.951466869712371710e-01
-4.144332200927639542e-01
-2.126652677866026353e-01
-3.820307922814725199e-01
-2.536424355822773924e-01
-3.637327170615571870e-01
-4.299286979593643920e-01
-2.933259784108734891e-01
-2.388353576300863423e-01
-3.440113463230732305e-01
-1.914440756490617401e-01
-4.336193042795838393e-02
-1.073703000773121863e-01
-2.554790837652131108e-01
-1.111553370137762786e-01
-6.710369754984846224e-02
-3.923083772326310115e-01
-2.739430211361590928e-01
-2.187492942708705590e-01
-2.449063348067738732e-01
2.491917396503839921e-02
-2.737342722883418511e-01
-4.131543081741588797e-01
-2.941874997330418129e-01
-1.518410179792418213e-01
-2.526757664354409294e-01
-1.351788025234791357e-01
3.612953349642039624e-02
-3.531440100654466563e-01
-3.485403097245237669e-01
-9.019527428218365728e-02
2.090705854635303007e-01
1.111470324832604106e-01
1.837449472250951565e-02
-1.478373442083883438e-01
-3.243230980441823563e-01
-2.928836675965961200e-01
-9.709075857441462620e-02
-2.594794014050350039e-02
5.667599667203671032e-02
1.901977717005660651e-01
-2.044111308446039388e-01
-1.261722218003754059e-01
1.393565123285747109e-01
7.275341916924671359e-02
2.050459378164217750e-01
7.649410563591185763e-02
2.894327580282679557e-02
-2.226758364406880020e-01
-4.119988603067772370e-01
-3.946317849072414896e-01
-2.411465843935536590e-01
6.000954402590552572e-02
-8.034443601322893702e-02
-3.022696356006656648e-01
-2.993850185154687815e-01
-1.943808335622897454e-01
-2.473904509304321042e-01
4.667883573359665750e-02
1.824610464192892856e-01
-1.717462838184790064e-01
2.128083070170277979e-02
-3.358244246359902152e-01
-1.341038810655835745e-01
-1.840592825069207183e-01
-3.167501902102801692e-01
-2.137495220845514465e-02
-1.869399431483621532e-01
2.094356486541500972e-01
2.453829545810708446e-01
4.104962406698661193e-01
-1.861898852504656476e-02
-8.235284804035603035e-02
-3.440973892874212847e-01
-1.713941168202134935e-01
-3.695886946683857310e-02
5.111577168168990326e-02
1.029719877793060512e-01
-4.315778615859483525e-02
1.823495163803914298e-01
-4.401049092301787535e-01
-3.895843151814355476e-01
-4.160626690792162408e-01
-4.044518029567195638e-01
-3.729529449346700165e-01
-3.056942009327209830e-01
-3.273604108911470356e-01
-4.213557877112571459e-01
-3.074014933020666196e-01
-3.094305002049912434e-01
-3.115964018852386275e-01
-3.779964532698432689e-01
-3.310029774956471105e-01
-3.658291602088552530e-01
-3.602064019697630570e-01
-4.001986626572040517e-01
-2.303445424493767713e-01
-8.496183876047497252e-02
2.839247783709553108e-01
1.236411575768721072e-01
-2.348678519920794627e-01
-6.143704478533740243e-02
2.898130628810297038e-02
6.069618415019684132e-03
4.271323483636013663e-03
-6.861638627799460100e-02
3.782326263137486544e-02
-1.086099894105360675e-01
-8.164866205445830971e-02
6.239330415271249208e-02
-1.871480047155330562e-01
-3.928806195418385050e-01
-4.240220980223321501e-01
-3.870063443815673354e-01
-4.089480089197457535e-01
-3.574511343970828703e-01
-3.398619610885174613e-01
-2.775343719907544249e-01
-3.624504314763481450e-01
-3.291258051321530598e-01
-2.126499299397324461e-01
-2.234709292603705433e-01
-3.572242119490519063e-01
-3.296502644575010632e-01
-3.026707308521446871e-01
-9.317198182893365876e-02
-1.628747492014153142e-01
-2.283226462208209906e-02
-1.491335736215123609e-01
-1.932869570360740141e-02
-3.209520916199731788e-02
-2.943373627116631086e-01
-1.410508882608317305e-01
-1.253314356303785737e-01
-1.455281591124779617e-02
-1.455561446196478870e-01
7.044714923324835176e-02
-1.637114804430194748e-01
2.348582117146996717e-02
1.156286211281725151e-01
-1.250743202637362717e-01
1.288962021855255546e-02
7.254241856184551196e-02
6.670346414708561156e-02
-2.462299366770356046e-01
-1.909870281861232311e-01
-7.154734379515814702e-02
7.824494975797036123e-02
2.070840088780935284e-01
2.775856678526686938e-01
-3.667240029577645277e-02
2.071166637413688338e-01
-3.670360461638627614e-02
3.820416067773201307e-01
2.721999742186638205e-01
-6.807602635488740894e-02
2.279723967553548558e-01
-1.887668664819680542e-02
-2.321316958648252105e-01
-1.890513347640903064e-01
-3.847117588041421010e-01
-1.579216762530223361e-01
-2.451087050453499283e-01
-1.496306202885916981e-01
-1.290890015556495074e-01
-1.989901528461485158e-01
-3.119419494566745832e-01
-2.611361545104046722e-01
-3.265442136855534194e-01
-1.103020547170267540e-01
-2.585775201449902472e-01
-1.113442300520620654e-01
7.805494880635577282e-02
8.860049762717536748e-02
8.267106008332358869e-02
1.352806597124573962e-01
1.075561165994702861e-01
5.544463646755493080e-02
8.075934704869536240e-02
3.022162131878186608e-01
2.996080709853644608e-01
3.856869522560102403e-01
4.707616362186062275e-01
2.202408640813741103e-01
-1.171360867852003218e-01
1.835035616055500363e-01
2.406987200031044383e-01
-7.244243466863553582e-02
-8.808962880522419603e-02
-1.429539457079604947e-01
4.383298595078277682e-02
-2.313195592383666122e-01
-1.433205319079110529e-01
-6.139181249467390300e-02
-2.742757364382392149e-02
-3.127575189472231454e-01
-1.349596729792829630e-01
-1.032489943716682346e-01
1.112940986107777697e-01
9.266087267366063251e-02
1.882383849822155675e-01
1.376960998996321628e-01
2.406787270761521214e-01
1.396960093404149283e-01
7.671990842231624086e-02
-8.946581498493794138e-02
-5.044808099554970449e-02
-3.150022562928716519e-01
-1.251500138563989006e-01
1.929144508698354965e-01
-4.900633789896391423e-02
-2.289506702055037757e-01
2.878039315860915215e-01
7.220848807223789745e-02
2.639461759325545387e-01
2.076163344756377649e-01
2.458158878846028461e-01
-3.475676726392828986e-02
7.501412362616588503e-02
-1.752469093799957633e-01
-4.080597540816933710e-01
-3.689415861288668497e-01
-2.378690602148131050e-01
-5.719797622983374685e-02
-9.818573714376954698e-02
2.146397044006159716e-02
-5.830272625742660697e-02
-1.526619353653372313e-01
-2.139987418138387387e-01
-1.047225900873366422e-01
-1.265191653863328991e-02
-1.099877055912001911e-02
-2.621615595986138691e-01
-3.207966289300360208e-01
-5.567269544969472017e-02
-1.201827831066856755e-01
-1.440635414654212187e-02
7.645117228554798583e-02
9.471580738263318811e-03
3.636845004418870486e-02
7.862285199698237914e-02
-4.073468835265317001e-01
-3.995987229203647462e-01
-3.880306693170665344e-01
-1.730893781844327073e-01
-2.002022235302777231e-01
-2.799549684302805597e-01
-2.924255431280192719e-02
6.239011158032758964e-02
2.190952804836393542e-02
-8.128687906726084211e-02
-1.199397028398238030e-01
-1.723020686737618545e-01
6.839497381569970003e-02
-4.004479443874275901e-02
-2.246112322801863959e-01
-7.166826630519695929e-02
-2.255213355194620184e-01
-2.875557261694358102e-01
7.774640911838259782e-02
-2.695312274279428877e-01
-2.502341262772779795e-01
-1.484121815448025128e-01
-4.021872780461609453e-01
-3.129264287351451457e-01
-2.330076220237870532e-01
-1.206697787708381764e-01
-1.560790804968487100e-01
-4.022908539795472249e-02
-4.770012988888933103e-02
7.633514581479716732e-02
-2.389110459984668533e-01
-2.074963181404839707e-01
-6.580318622215131086e-02
-6.419576502798335360e-02
2.880329860450474566e-01
-1.679583828414027424e-01
-2.307881884891921920e-01
-1.950398253744006771e-02
2.174685608124321545e-02
1.783500260467489884e-01
1.374096160687351409e-01
3.646352420362469759e-02
2.174467688255393716e-01
2.589047947764767654e-01
4.371925880242747420e-01
1.932719356071572747e-01
6.707409131326202978e-02
2.999805014703842421e-01
2.698436867103953807e-01
2.724899871557973086e-01
-9.067625496196157764e-02
2.379125563398425403e-01
8.281313461147887800e-02
1.625675257981542554e-01
1.377282601437583853e-01
7.291957056148012928e-02
-7.819367269101051843e-02
1.095853649534637153e-01
1.930328475733706917e-01
6.278452751623142536e-03
2.381265838285132608e-01
-1.132935325780480840e-01
-3.027438532610338129e-02
3.653712515702889352e-02
-1.345396253332157843e-01
1.331260031235805830e-01
2.028879288752976073e-01
9.302389620323658903e-02
1.666693076615206603e-01
-1.097089701784214055e-01
-1.135254444279859554e-01
-6.245580859214616698e-03
-1.597305619340965155e-01
-3.654411801432853046e-01
-2.336763275953596397e-01
-2.014488822397564327e-02
-8.216141503199764218e-02
-3.947078798082151452e-01
-1.417761346930749844e-01
5.435516621692149108e-02
-1.215200941956429692e-01
1.616901880754972876e-02
6.256046537292225818e-02
-3.541160870858323095e-02
1.239605490792066167e-01
-2.823594516404275279e-01
-2.838258234448586825e-01
-4.343785840423564082e-02
-3.083133034060431266e-02
1.109356785250468214e-01
7.653013030815458695e-02
-1.899121251463090632e-01
7.850516337816748624e-04
5.882545501545100031e-02
-3.009604094862405321e-01
-4.003122102993218467e-01
-3.477957704367189429e-01
-1.340725655924945858e-02
-1.061579884817540620e-01
-1.033605786348564259e-01
4.745830371581882812e-02
1.155980013947628393e-01
-1.199168731091116991e-01
-3.628005218379520835e-01
-2.481862038072180920e-01
-1.562647397336119348e-01
-3.701049983687211276e-01
-1.181482536844465359e-01
-7.928265762770003722e-03
-1.537981090969508524e-01
-1.104361030278111500e-03
-8.848824224783752301e-02
-5.961182974248124822e-02
1.598831441587165170e-01
-3.498161210475742022e-02
7.674571549043429641e-02
-1.370242817659221846e-01
5.528101488885472925e-02
-9.358966048764510992e-02
6.171449843315746087e-03
-1.122738323027979712e-01
-6.841344213866829005e-02
-3.821334377895818646e-02
-2.509391922120620122e-01
-3.381504396153390268e-01
-4.207104711723248514e-01
-3.182585662942249427e-01
-3.840902749501723390e-01
-7.965222266760307868e-02
-2.633506601807467096e-01
-2.077530701952110537e-01
-1.694439352091440254e-01
-1.799557122725342628e-01
-2.563969916696394735e-01
-5.405335040516417999e-02
-1.293053200537341851e-02
-5.524281000329761548e-02
-3.227859408888240078e-01
-1.767602102847186107e-01
-7.018552897684204872e-02
-2.094070414267279467e-01
-4.095614961361841999e-01
-2.328306737361790502e-01
-1.317922960643379549e-01
-2.696228305380276025e-01
-1.892023320175073575e-01
-3.860169071258355844e-01
-3.655946169839958682e-01
-3.094592536451864495e-01
-2.338653515012967254e-02
-7.323584406231264943e-02
1.993936965519804705e-02
2.197556148727080050e-01
3.026999075594777322e-01
3.372660173832665587e-01
1.979840190270154565e-01
2.430741851974161927e-01
5.306587914721133670e-01
-2.060617940866819042e-01
-1.044972343844841056e-01
9.665742717762526581e-02
5.941215987744237204e-01
4.014816668473836225e-01
3.578340584356110021e-01
2.431156877477202993e-01
5.304212408994127825e-01
8.255651874022529313e-01
3.523930895112805661e-01
3.951767544744915206e-01
-4.083577030520108009e-02
-1.956723895618134867e-01
-5.388392041204959071e-02
-1.648095222789389136e-01
2.245407002483632564e-01
3.423973582042403319e-01
2.614064596705801824e-01
5.174945288727095249e-02
3.886021153762074798e-01
3.374327522493626441e-01
2.724302897922927791e-01
-2.207520009576757758e-02
5.336129337079564827e-02
1.977092956808259583e-01
-1.612311879751280874e-01
1.050233477899999990e-01
3.094785351798867712e-02
1.093369256228161612e-01
2.749801821468448315e-01
3.343643244152335603e-01
-3.333703305942604667e-01
-3.448872453636020463e-01
-1.750234802399228129e-01
-3.468952606691231288e-01
-2.893326361100075350e-01
2.449709816732625889e-02
-1.682836367085485674e-01
-6.129296349637269881e-03
1.924601411207862434e-01
2.173085420002766055e-01
2.614159466881996741e-01
5.523827665089595662e-01
4.013802565948472179e-01
1.023840337761225738e+00
1.904611505511936143e-01
-3.449888829809525381e-01
-2.360982973054790990e-01
1.020593499744404387e-01
1.066896616316578283e-01
1.571709117419031188e-01
9.881678076944111488e-02
2.746320393737279320e-01
2.589957597096184116e-01
3.226164628156404923e-01
-1.017166908104065737e-01
-2.856338450492601488e-01
-6.460930995587299552e-02
2.931374379282066789e-01
1.263383906547146385e-01
4.008303078409134468e-01
3.367455773129990337e-01
3.368834407353588078e-01
2.931671109355554750e-02
2.643801668692203899e-01
1.861801438000716402e-01
1.904611357144441186e-01
4.304110428099354735e-01
1.030892233985493123e-01
-1.738113285310732836e-02
1.811108730442667625e-02
9.479418830985368860e-01
1.023158637941919746e+00
1.113391505666641246e+00
9.560851113126767054e-01
2.551750544167014079e-01
4.621858013469057891e-01
2.466537711140259770e-02
4.477061925288778887e-01
2.730246445335980932e-01
6.430899627325392665e-01
4.783021879056200687e-01
7.097404916207668002e-01
7.808396055559387872e-01
-2.257479634433687543e-01
4.078284824468959568e-01
1.058203991936078614e-01
6.150442668360323051e-02
-6.260263532280574417e-02
3.613910937860898009e-02
1.197149435945776830e-01
1.306512539679111073e-02
-1.500232491033963167e-01
-1.262772396325262392e-01
1.458251349694266175e-01
-4.182234500267844046e-01
-3.421470374367630018e-01
-1.966745522411050828e-01
-1.654320567019244015e-01
-1.141286647693299794e-01
1.687447612300831956e-01
1.071007764175078147e-01
1.413046970862494867e-01
-3.949331940400330754e-01
-1.405799214262379304e-01
-2.490583275064442992e-01
-2.482742179739312327e-01
-5.287051214755583706e-02
1.635457364483481335e-01
2.690671166407779813e-01
-1.246979401517339658e-02
-1.226429574842697878e-01
-3.416335779088333080e-01
-2.204103870546889610e-01
-6.447435947801366529e-02
-1.338053655439466749e-01
-4.326785719793363461e-02
6.835858749972245629e-02
1.552861594154837377e-01
1.439920644371355252e-01
-1.420763911799017842e-01
-8.426273015199564620e-02
-3.166911894788536630e-01
-9.867157676490878604e-03
5.276185512738940098e-02
-2.373165606726349020e-01
-3.052464050291417430e-01
-4.972039295216001964e-02
-1.642409876427386450e-02
-3.395519723045525851e-02
-3.315641160696478074e-01
-3.452128179297723753e-01
4.108178833927617069e-02
7.415934718199335141e-02
-3.263539543945001009e-01
-2.528889687941615061e-01
-2.795380474288355899e-02
-3.071688811841449818e-02
2.271252980945374089e-01
4.753006045641083865e-02
-3.148592886799052581e-01
-9.953821254368344640e-02
-1.616135055047556168e-01
-1.988451080161328099e-01
-3.529780421756004150e-01
-1.318048606576003867e-01
-1.341163098674984511e-01
8.576977999247348272e-02
8.418377760109330143e-02
1.799531774671735418e-01
5.076560321839734824e-01
7.648472908263048708e-02
4.396776501265298176e-01
3.279239286185373636e-01
2.053676689634097441e-01
3.674731760741807296e-01
1.034993313365883072e+00
-1.715802022719737918e-01
2.171395062306767931e-01
-3.206544586682473774e-01
2.669812977310892510e-02
-1.883176928338751166e-01
1.967677618561681774e-01
-5.066027742045442483e-02
-2.751565843340132433e-01
-6.898046159994764004e-02
-1.325150024926941006e-01
-1.570801265878155606e-01
3.606462300726903658e-02
-1.735095611455351738e-01
4.005034995862879477e-01
4.047275019427483134e-01
-2.241997393081262280e-01
-2.824534849462267960e-01
-3.843995542411966504e-01
-3.510396566991935696e-01
-2.604992482756431915e-01
-3.295206737086474047e-01
-1.038604471282562058e-01
-5.416310960694897814e-02
7.004125649578463175e-02
5.503440361751610332e-02
-1.464173536001609488e-01
-2.229493879744101348e-01
-2.267000015011927383e-02
-2.095592388054734467e-02
-2.184246665078617977e-01
7.827108539200133830e-02
-1.765591461069647705e-01
1.239335373336933888e-01
-8.966497331641648527e-02
7.858257969644977248e-02
-1.949295083272010176e-01
-2.771809095831461733e-01
-1.363403218645763415e-01
-4.160819402062199135e-02
-9.381910536768400810e-03
3.636992411293094030e-02
5.085345223821852167e-01
3.079474629872643865e-01
3.825544937709244309e-01
2.078679689033096079e-01
3.796487528380489973e-01
1.422183361725151141e-01
1.179396691620269166e-01
1.094759691252472633e-01
5.942566412795191599e-02
2.696855840565662854e-01
-6.372377629828451795e-02
2.719721905778182958e-03
-3.638210926949620450e-01
-9.823575594413236356e-02
-3.254607708866842919e-01
-1.629556844998919507e-01
-5.393320338539087100e-02
5.109855231390048047e-02
-4.156049460385868866e-02
1.898227266863775631e-01
4.530556784903838619e-02
1.048554883433754359e-01
1.243225822029436767e-01
3.250600590745457152e-01
3.097076769581480482e-02
-3.996585899219856630e-02
1.924339209765475456e-01
3.941957974093346362e-01
3.220561985845407094e-01
4.008577695392189222e-01
-7.557528013457653904e-02
4.399977602049934822e-01
1.398966092988151999e-01
5.455356959014170393e-01
5.347251782985746882e-01
6.143951797438642615e-01
2.837650888260399018e-01
-2.022632151961486491e-01
-2.629945501942979602e-01
-1.810327517727299274e-01
-1.920006620792404917e-01
-9.152460983987764642e-02
-4.681785590849529832e-03
1.048459990666295027e-01
4.566991673274050090e-01
4.641913198186654599e-01
6.070999134727022017e-01
1.889153538377423835e-01
4.083167690180783405e-02
1.837280960927032414e-01
2.029554691770364405e-01
2.915928367341268368e-01
9.734095411951526611e-03
4.011153579488382359e-01
1.097327171671022006e-01
7.905860262093100665e-02
1.673606073361116886e-01
-2.224592034624430226e-01
-3.992367977614097452e-02
2.019641114928771852e-02
-2.530234185482961307e-01
7.493610796585781220e-03
-1.060003908708870290e-01
-6.851411144066738013e-02
-2.584187938656250516e-01
-2.095862608001081151e-02
6.664141264965572908e-02
1.834598513363996375e-01
1.423818398575514843e-01
3.310452926576201715e-02
-1.234411126217120347e-01
2.576480097959088500e-02
1.136598440861891213e-02
-2.415747853265647060e-01
-3.188705604477506395e-01
-2.903602931889687211e-01
-2.839313670616869789e-01
-2.343483429085476966e-01
-8.335490503878878465e-02
-7.471371468421933448e-02
8.612266484215602702e-02
2.246357497739925879e-01
3.667640214023722978e-01
4.910575641994129326e-01
3.793619072151531713e-01
1.311351880532651837e-01
1.397710690179394533e-01
3.850871474775008352e-02
5.349255114651763066e-02
2.246769714333490819e-01
1.691064297141817718e-01
-1.016461637169438492e-01
2.561000864575498914e-01
2.199863880872768851e-01
4.170932933933162445e-01
5.304647006183688118e-01
2.054572526977240798e-01
2.039106340354990277e-02
2.003609372832388935e-01
8.297851419272328499e-02
2.752524771141587889e-01
1.674917006247790274e-01
-4.861347236655649828e-02
-2.522613600463957662e-02
-4.400499482774544724e-04
-2.694134467844150338e-02
-2.492056086239368418e-01
-2.229801975928110414e-01
-1.047194428453567805e-01
-1.593909107589113194e-01
-1.252092179226038660e-01
9.460741916201620416e-02
2.884359165280636628e-02
2.936471965308267151e-01
4.593983811596880074e-02
-1.487034930072830274e-01
-4.749821441951834755e-02
-2.485021421373688477e-01
-2.832284180870245915e-01
-2.085003642997724782e-01
-7.594481905070410432e-02
-5.080217905606504436e-02
1.831012079354782385e-02
-4.143415608852862864e-02
-5.496522415112681248e-02
1.600101477682109863e-01
2.539069675146810035e-01
7.113770183427714500e-02
-1.887359166441704428e-02
8.294503305604539189e-02
-2.403112311911143051e-02
4.945988607230988876e-02
-2.370882447923476077e-01
-1.250579439029401163e-01
-4.264359034799380943e-03
2.927430311391227002e-02
-6.821154341965857126e-02
-2.253359050950539400e-01
1.597468541870852299e-01
-7.088078011115828136e-03
3.554489254155409617e-01
2.700717276022075453e-01
3.926848457831414452e-01
3.709562181790253543e-01
2.259203721517801799e-01
1.700513608414406796e-01
2.361013854143438895e-01
2.384799562809938323e-01
1.933246225357811987e-01
-4.547276520110955511e-01
-4.547276527178978900e-01
-4.547276159322248268e-01
-4.547276482762381833e-01
-4.547276323524344632e-01
-4.547276458424463486e-01
-4.547274787149608866e-01
-4.547276298395702687e-01
-4.547275952982770542e-01
-4.547271862523097341e-01
-4.547275318026674507e-01
-4.547260975238195391e-01
-4.547203999177407696e-01
-4.547248483346353343e-01
-4.547259819210533460e-01
-4.547275996876002924e-01
-4.547276429324538793e-01
-4.547275180361015079e-01
-4.547274881346540232e-01
-4.547274457136534220e-01
-4.547270983985715054e-01
-4.547262978925467047e-01
-4.547276316588578782e-01
-4.547276382273871542e-01
-4.547250964762133973e-01
-4.547276022542342533e-01
-4.547256591894621724e-01
-4.547253378872140872e-01
-4.547275742967930579e-01
-4.547174428737545404e-01
-4.547266707878361292e-01
-4.547276435678920259e-01
-4.547276509738173433e-01
-4.547276443100002341e-01
-4.547276075707257781e-01
-4.547276375087854206e-01
-4.547268625775022222e-01
-4.547258296099751518e-01
-4.547273133381099508e-01
-4.547270990834088589e-01
-4.547257289922581047e-01
-4.547274237703470834e-01
-4.547276251472385233e-01
-4.547276299694804624e-01
-4.547276319207398387e-01
-4.547276310390071519e-01
-4.547276362531904037e-01
-4.547276290087519657e-01
-4.547275646773169533e-01
-4.547273938669207927e-01
-4.547272826080291930e-01
-4.547275086181614689e-01
-4.547275995197789245e-01
-4.547275244647323023e-01
-4.547040423587072611e-01
-4.546616143866448190e-01
-4.547253020266844303e-01
-4.547275822886538421e-01
-4.547266264895753474e-01
-4.547272657929772310e-01
-4.547276190620045955e-01
-4.547276281461831160e-01
-4.547276413269608075e-01
-4.547276393746214618e-01
-4.547276195447771951e-01
-4.547265506854317740e-01
-4.547176121824641482e-01
-4.547275093606288898e-01
-4.547275667584664283e-01
-4.547227743407511458e-01
-4.547190240188183075e-01
-4.547081542723545033e-01
-4.546712260140065576e-01
-4.546594904906248735e-01
-4.547204889819574380e-01
-4.547198522547881705e-01
-4.547184400549733052e-01
-4.547233927161608014e-01
-4.547265635239242654e-01
-4.547275289396372489e-01
-4.547276241786232798e-01
-4.547271537192453250e-01
-4.547263374320653084e-01
-4.547184076045230894e-01
-4.547263453014697698e-01
-4.547249019003818393e-01
-4.547274903175732574e-01
-4.547275558105590143e-01
-4.547267587207999839e-01
-4.547275980125091155e-01
-4.547246554416346509e-01
-4.547275468204691196e-01
-4.547276269428437989e-01
-4.547258224819258343e-01
-4.547243540588978283e-01
-4.547257887313960745e-01
-4.547270044056787031e-01
-4.547253061578359068e-01
-4.546989730483027570e-01
-4.547206209129766585e-01
-4.547256534963883268e-01
-4.547274709853726393e-01
-4.547274136631132002e-01
-4.547276326654788314e-01
-4.547275919937036615e-01
-4.547275561934817634e-01
-4.547243326527481977e-01
-4.547275994253374698e-01
-4.547276276760968683e-01
-4.547276439939771930e-01
-4.547276423754078589e-01
-4.547274951174405389e-01
-4.547240400514923064e-01
-4.547101628323505507e-01
-4.547276507406836643e-01
-4.547276302281617055e-01
-4.547276530606992329e-01
-4.547276530620399937e-01
-4.547276530621538471e-01
-4.547276530463422173e-01
-4.547276530590265153e-01
-4.547276529941781109e-01
-4.547276530239350856e-01
-4.547276491211604266e-01
-4.547276524820034194e-01
-4.547276530600793398e-01
-4.547276530618497015e-01
-4.547276530433216335e-01
-4.547276530542318507e-01
-4.547276530579341669e-01
-4.547276527000491120e-01
-4.547276530316237131e-01
-4.547276529774089138e-01
-4.547276524435442946e-01
-4.547276482180890866e-01
-4.547276403838053094e-01
-4.547273513021490854e-01
-4.547276406009208016e-01
-4.547274290790089823e-01
-4.547273207359968095e-01
-4.547276103058142671e-01
-4.547276526998576540e-01
-4.547276528611469693e-01
-4.547276530155466845e-01
-4.547276525453629592e-01
-4.547276529723666694e-01
-4.547276530578101550e-01
-4.547276529592128025e-01
-4.547276518637787257e-01
-4.547276487826861779e-01
-4.547276351621942214e-01
-4.547276331850068076e-01
-4.547276521011177075e-01
-4.547276474834661686e-01
-4.547276109704684877e-01
-4.547276319355697538e-01
-4.547275472356590575e-01
-4.547267769312136609e-01
-4.547274376752603597e-01
-4.547276047501876417e-01
-4.547276459221109013e-01
-4.547276098184740989e-01
-4.547272691940257849e-01
-4.547272460386194148e-01
-4.547276514012389415e-01
-4.547276523459635733e-01
-4.547276522584899339e-01
-4.547276447288042256e-01
-4.547275613021858898e-01
-4.547276525623098475e-01
-4.547276510168247188e-01
-4.547276525512194412e-01
-4.547276504853183243e-01
-4.547276520144196699e-01
-4.547276527404207069e-01
-4.547276529479567508e-01
-4.547276515884908776e-01
-4.547276529811375978e-01
-4.547276529585553839e-01
-4.547276529636259945e-01
-4.547276530443908338e-01
-4.547276530428677743e-01
-4.547276529880256435e-01
-4.547276526370478411e-01
-4.547276518214716234e-01
-4.547275968653726741e-01
-4.547276398751654014e-01
-4.547274719293656897e-01
-4.547275716010212299e-01
-4.547275075015695944e-01
-4.547275980111507576e-01
-4.547276088142598316e-01
-4.547276492661070924e-01
-4.547276227443796115e-01
-4.547275099304652346e-01
-4.547274493892513036e-01
-4.547255056734118006e-01
-4.547272639943509276e-01
-4.547276128196831024e-01
-4.547273552787050033e-01
-4.547273963571009103e-01
-4.547267721858336276e-01
-4.547273898929173885e-01
-4.547275464283567770e-01
-4.547275644541564632e-01
-4.547275005660887937e-01
-4.547275234995549753e-01
-4.547273880795729140e-01
-4.547275045799881177e-01
-4.547272180745099424e-01
-4.547273230815171430e-01
-4.547272169592576074e-01
-4.547269073150485563e-01
-4.547198893686447696e-01
-4.546897866686538392e-01
-4.545712663868290426e-01
-4.547049471674245447e-01
-4.547067863686857780e-01
-4.547210442949849440e-01
-4.547258779584260058e-01
-4.547270457172072344e-01
-4.547272522154361396e-01
-4.547274628181364742e-01
-4.547272736602679388e-01
-4.547275690719426722e-01
-4.547274772420185629e-01
-4.547271368850236972e-01
-4.547273223173921575e-01
-4.547264062768616166e-01
-4.547266032620423393e-01
-4.547273326095547796e-01
-4.547272337268222775e-01
-4.547266316653679197e-01
-4.547257246102331951e-01
-4.547273493366266184e-01
-4.547210745513219354e-01
-4.547244114585227703e-01
-4.547268090301844201e-01
-4.547270094141113161e-01
-4.547239825139368086e-01
-4.547253442958671954e-01
-4.547253948563203529e-01
-4.547256075548868903e-01
-4.547260692941255678e-01
-4.547263074007439343e-01
-4.547260761644179028e-01
-4.547266314205022919e-01
-4.547263832255821203e-01
-4.547197068741210546e-01
-4.547227372462908646e-01
-4.546139285165796684e-01
-4.546954604775246267e-01
-4.547245328262382591e-01
-4.547270896246600191e-01
-4.547268660122362194e-01
-4.547271734559374390e-01
-4.547269805429667300e-01
-4.547220202637117792e-01
-4.547246664254082082e-01
-4.547271561124183181e-01
-4.547264089276427113e-01
-4.547228626017509878e-01
-4.547218254745830635e-01
-4.546829007603197526e-01
-4.543293912796885770e-01
-4.537037863621483647e-01
-4.547103628885774129e-01
-4.547262427696677212e-01
-4.547262788853424498e-01
-4.547164168460912093e-01
-4.541528617591533146e-01
-4.547276530620527613e-01
-4.547276530621955359e-01
-4.547276530621945367e-01
-4.547276530621936486e-01
-4.547276530621919277e-01
-4.547276530621888191e-01
-4.547276530621855439e-01
-4.547276530621781609e-01
-4.547276530621655044e-01
-4.547276530621593982e-01
-4.547276530621383595e-01
-4.547276530621371937e-01
-4.547276530621122137e-01
-4.547276530519505089e-01
-4.547276076392633426e-01
-4.547186373968762907e-01
-4.546328521552133184e-01
-4.543454675943463528e-01
-4.534281506436584896e-01
-4.521732327217423131e-01
-4.483926297051997190e-01
-4.445356356817398713e-01
-4.439923827550424917e-01
-4.387576680318727163e-01
-4.376765245308918417e-01
-4.415612034925914808e-01
-4.442157898847476361e-01
-4.543753717914344459e-01
-4.546354112984054008e-01
-4.537878279068885412e-01
-4.497885887101355507e-01
-4.429183513539238226e-01
-4.297879353431817151e-01
-4.091611919568802214e-01
-4.128700794600353441e-01
-3.858255680187701042e-01
-3.846920269864764763e-01
-3.283963241879872541e-01
-3.118077577289202207e-01
-3.248004049906390023e-01
-3.487260155483090651e-01
-3.732159088930611657e-01
-3.950722867924559289e-01
-4.069519080459466087e-01
-4.312566534129078089e-01
-4.291312526816215001e-01
-4.182459965148320191e-01
-4.130294469698195803e-01
-4.247440792423529676e-01
-4.136668447576795637e-01
-3.903823004861891599e-01
-3.777848145466810026e-01
-3.360792177317276641e-01
-3.281236511060137140e-01
-3.269976498238484353e-01
-3.023426573972712861e-01
-3.006711579546107460e-01
-3.373292244669729434e-01
-2.542265050757256395e-01
-1.961660940747780302e-01
-1.849729450448152068e-01
-1.756758256288510345e-01
-1.670611348096989746e-01
-2.638276140689685967e-01
-1.571952027180262279e-01
-1.021309603564641288e-01
3.981478187856296591e-02
9.059723689425491777e-02
1.220723700541702650e-01
2.763122885522800720e-02
3.862637100707444482e-02
2.591523113354133878e-01
1.183792276408222044e-01
5.238022633944843243e-01
5.756807053400767593e-01
-8.225340571080697050e-02
7.006415526018461293e-01
4.505044748963507040e-01
4.372075124002028357e-01
4.144726895074283268e-01
9.446273846095838422e-01
1.301987813602777155e+00
1.172900540614280507e+00
1.899300261971399895e+00
2.739948992266026728e+00
1.457724210429071077e+00
2.798620959321999724e+00
1.114768459859185157e+00
4.651998106130178501e-01
3.772288970945947284e-01
4.478098158465266820e-01
7.138557912178611353e-01
3.407487337774179892e-01
8.895142800242665793e-01
8.412201330535251653e-01
1.725786571574996930e+00
1.103328306476500265e+00
8.910315675796218748e-01
1.943253228648945674e-01
-2.874299496657690689e-01
-4.546880570268184152e-01
-4.543890711606746180e-01
-4.540533695577662066e-01
-4.487477149354810457e-01
-4.084441641118424227e-01
-3.481300703588577905e-01
-3.355000336480363776e-01
-2.686739716843275505e-01
-2.322117482156352553e-01
-1.935478890370753713e-01
-9.851165379161958002e-02
-2.049900201304968583e-01
-1.651453878237763573e-01
-2.266310379696223343e-01
-1.494505244212124273e-01
-1.101739393429359559e-01
-1.769237926579361186e-01
-2.213652621241243290e-01
-1.706362365925534474e-01
-1.138985762030025883e-02
5.584717841403963323e-03
-7.454420256672211753e-02
2.340310501956766043e-03
1.629610282317028869e-02
2.146768084146746247e-01
3.134008765039396627e-01
4.877194344898907463e-01
5.527603061439323451e-01
3.460176610388424612e-01
4.638085224183642330e-01
7.572734028412477780e-01
6.547945381160524825e-01
5.130479611635212489e-01
3.892019003974334090e-01
4.608879862397686766e-01
5.496693202553353252e-01
5.313672317736835016e-01
4.610833648221046577e-01
7.228259378236074895e-01
4.246066345456220859e-01
6.635410642156749361e-01
7.403819282841206384e-01
8.130509966273851141e-01
4.749778403056854614e-01
4.149330014892103069e-01
7.269012614154797269e-01
-1.834455813380849176e-01
-2.484116591780827499e-01
-2.587625022956649978e-01
-1.564138762823340523e-01
-1.782052031051581387e-01
-1.206340343703434792e-01
2.276784958773397927e-02
-3.113354424431175049e-02
2.420140692628164336e-01
1.501838057917174174e-01
3.786897455294688797e-01
7.524121328745536630e-01
8.786189047056054413e-01
9.239543892592396723e-01
1.673759729695457610e-01
2.304317047862483037e-01
-1.043324524202283721e-01
-2.642864510112407639e-01
-4.475994784087373723e-01
-4.409454786051097974e-01
-3.998158520255875037e-01
-4.090410107096789094e-01
-4.538313073380733087e-01
-4.475324388485832361e-01
-4.272001551157064148e-01
-3.930851470071062281e-01
-4.173311343308477306e-01
-4.206913493562342010e-01
-3.319254607162656634e-01
-3.157757652005354632e-01
-2.399336166690832772e-01
-1.690091789369611019e-01
-1.711079831815794927e-01
-2.829365045709484328e-01
-2.881301192556833257e-01
-1.794444844404716743e-01
-3.310755474846149848e-02
3.739269418993612648e-02
1.168962219215394782e-01
1.615657871987590255e-01
1.780020560842068278e-01
2.095329830210453936e-01
2.478504446737089806e-01
9.361017654654246734e-03
2.357787421170104425e-02
-8.850623328083462305e-02
-2.254540949641226089e-02
1.047576925937266923e-01
1.414482432273180823e-01
1.901972653837309402e-01
6.155338399238374780e-03
1.668368532685916561e-01
9.699100400237914421e-03
4.401047035138476726e-01
3.792665390000251602e-01
2.561521969618242300e-01
8.256391777991090031e-02
1.760320332389535558e-01
8.639482959408240070e-02
9.243498123459858995e-02
9.848681419437443907e-02
-3.863345972939058459e-01
-3.359286600561005587e-01
-3.793624862850725199e-01
-4.125972017416759119e-01
-3.601435864584386359e-01
-3.018021708097935463e-01
-2.479420492726103487e-01
-4.079096126601536310e-01
-2.988406241908267424e-01
-3.147181278953948835e-01
-3.927214921144562831e-01
-2.858190509041176330e-01
-2.323932454478401799e-01
-2.688131879076172126e-01
-2.743463236915673065e-01
-3.193378057154940830e-01
-2.856735860023504880e-01
-1.928207660948879631e-01
-2.944192818126717959e-01
-3.437710324806721451e-01
-3.810873373486260984e-01
-3.678177805235220976e-01
-3.733464420625126623e-01
-3.063645242681076186e-01
-4.010397382465901717e-01
-3.426472543500775902e-01
-3.650964412869611708e-01
-3.841948743710755787e-01
-2.007860217986935369e-01
1.490270464867319289e-01
5.954803026349275719e-02
3.067174700072274884e-01
3.130570008919683067e-01
4.661240261252193040e-01
-1.592451312393360352e-01
-3.011028843725384041e-01
-2.299875323553191575e-01
4.504348632006832664e-02
2.851542204698327421e-01
1.325214553434188591e-01
-2.830657381379072524e-01
-1.387380437247758280e-01
6.029394327987858127e-02
8.821438203847842274e-02
6.216815877780161870e-01
4.138458728724059288e-01
6.143753955811466216e-01
5.272482789359016486e-01
4.884826137500144494e-01
5.169198362984178674e-01
4.990334840535181060e-01
4.714586459345528890e-01
4.889776706663709893e-01
2.439763134260245492e-01
-2.519068854442034766e-01
-1.578557308725925257e-01
4.966859553960045748e-02
1.881082678287006038e-01
4.403419418826848286e-02
-2.720825920601378511e-01
-4.385968986676018755e-01
-4.542217058743049929e-01
-4.395430529632762817e-01
-4.361320760182662015e-01
-4.058818580057068082e-01
-3.012725248842605952e-01
-4.174012351778890739e-01
-3.773686107647175048e-01
-3.674503076238572197e-01
-3.520773150591274270e-01
-3.994781493556370799e-01
-2.592291196989688906e-01
-1.644157946151609817e-01
-1.835012201930240061e-01
3.530409002308776412e-03
2.017831010280602966e-01
1.193445074578586285e-01
3.335696457400330051e-01
-1.772851373137868114e-02
-3.112177684961678348e-01
-1.583027706069409790e-01
-3.720101688045956978e-01
-4.081852506007020986e-01
-4.271637778596260593e-01
-2.584009483668415763e-01
-4.015250484740527925e-01
-1.107056833922120398e-01
8.929136459043740537e-02
2.844054078261584184e-01
2.214876244775585423e-01
1.150028397280195014e-01
8.827060182005075362e-02
-1.074248616999469719e-01
6.636755584512088468e-02
2.371358327800777710e-01
1.412288505937797645e-01
-2.579948605682453877e-01
-1.961250138164322143e-01
1.065843396697885304e-01
-1.831358347366123240e-01
-3.841263015211122678e-01
-2.690173049778755709e-01
-3.695263914551601414e-01
-1.586889786834907445e-01
-1.171938684775009065e-02
6.945874320240095212e-01
1.754230584166240892e-01
-9.675781135573474634e-02
-2.716910765173746745e-01
-2.423219126047488625e-01
4.516174890607033143e-02
-1.989829593221906778e-01
-4.009825330103712338e-01
-1.834380823263723204e-01
-1.415176555791850532e-01
-3.461388082160647417e-01
-8.350535193809055512e-02
-5.611470320145556245e-02
-3.211075935125800029e-01
-4.361015132531090854e-01
-4.462135509480178452e-01
-4.517112811533454120e-01
-4.368691697177077282e-01
-4.242632982264570307e-01
-4.300157329541346440e-01
-4.280737522642142356e-01
-4.252851448979497739e-01
-4.258580137110788977e-01
-4.216992644058634165e-01
-3.914906343479362394e-01
-4.148125471935583675e-01
-3.156743609863882361e-01
-3.508060414621570478e-01
-2.508002110926217387e-01
-2.329893252730900199e-01
-2.590022308650297145e-01
-3.132249259573045008e-01
-2.923896786253391555e-01
-3.449154508458702195e-01
-4.184588953422367918e-01
-3.050539242969491083e-01
-3.546799388068533898e-01
-3.759767646090282911e-01
-3.252896302166198850e-01
-3.809895061402875927e-01
-3.680093383047026157e-01
-3.371263468603426516e-01
-1.220932354800991493e-01
2.065991187003149987e-01
1.522748991848890121e-01
-3.845927098853663129e-02
-3.528330069591661955e-02
-2.445703185042033545e-01
-2.882960509345015021e-01
-2.565301241600220772e-01
-3.120076609511016064e-01
-3.076585793339087216e-01
-2.096643713643129014e-01
-1.651536095543952865e-01
-1.704692785078571471e-01
-2.703172000566743116e-01
-2.497025343853236656e-01
-4.545313285444294582e-01
-4.546000254702755039e-01
-4.544402319516858690e-01
-4.541225551881870048e-01
-4.535032403557894831e-01
