4.334510266780853271e-01
3.087922930717468262e-01
7.788723707199096680e-02
2.561314404010772705e-01
2.849968373775482178e-01
2.210397273302078247e-01
1.738069653511047363e-01
1.701937764883041382e-01
1.122599542140960693e-01
4.043993949890136719e-01
-3.892279863357543945e-01
-4.325058162212371826e-01
1.191884428262710571e-01
1.366374194622039795e-01
4.404991492629051208e-02
3.804254233837127686e-01
3.901404738426208496e-01
3.059527575969696045e-01
3.361736834049224854e-01
4.379727542400360107e-01
4.730842709541320801e-01
4.698440432548522949e-01
7.467119693756103516e-01
6.760510206222534180e-01
6.171289086341857910e-01
5.861492156982421875e-01
8.041702508926391602e-01
5.033235549926757812e-01
5.998966097831726074e-01
2.295768260955810547e-01
2.355837672948837280e-01
3.787252306938171387e-01
3.545908331871032715e-01
4.002959728240966797e-01
4.622406661510467529e-01
4.408294558525085449e-01
5.172119736671447754e-01
3.733510076999664307e-01
3.993298709392547607e-01
5.044777989387512207e-01
4.572277069091796875e-01
7.541831731796264648e-01
5.225868821144104004e-01
3.156415522098541260e-01
3.759604394435882568e-01
1.891969293355941772e-01
4.407754540443420410e-01
3.951549530029296875e-01
4.670344293117523193e-01
4.255283176898956299e-01
3.551554083824157715e-01
3.669498860836029053e-01
-1.578410416841506958e-01
3.905458748340606689e-01
4.273586571216583252e-01
3.876885771751403809e-01
5.084756612777709961e-01
2.350406199693679810e-01
6.083873510360717773e-01
4.588974118232727051e-01
5.463219881057739258e-01
7.045398931950330734e-03
1.751808971166610718e-01
7.408154010772705078e-02
3.264043629169464111e-01
7.343067973852157593e-02
9.572300314903259277e-02
8.464111015200614929e-03
-2.658425867557525635e-01
-1.160897016525268555e-01
1.985842883586883545e-01
-8.287328481674194336e-02
-1.596899703145027161e-03
1.197727546095848083e-01
3.405580222606658936e-01
-1.420932821929454803e-02
3.429677188396453857e-01
4.437415897846221924e-01
5.395505428314208984e-01
4.542824029922485352e-01
5.983740687370300293e-01
7.519769072532653809e-01
6.874079704284667969e-01
4.500428438186645508e-01
7.572114467620849609e-01
9.393994808197021484e-01
9.437082409858703613e-01
9.883239269256591797e-01
8.485718369483947754e-01
9.041656851768493652e-01
8.726137280464172363e-01
6.130023598670959473e-01
5.832914113998413086e-01
8.384262323379516602e-01
3.033725358545780182e-02
2.121455073356628418e-01
4.364874660968780518e-01
5.647973418235778809e-01
6.630322337150573730e-01
5.470854640007019043e-01
5.901854038238525391e-01
7.566288709640502930e-01
8.613479137420654297e-01
4.939927458763122559e-01
6.677817106246948242e-01
8.011506795883178711e-01
9.042344689369201660e-01
8.122671842575073242e-01
9.456331133842468262e-01
8.026723265647888184e-01
8.186824917793273926e-01
7.789517641067504883e-01
1.014768242835998535e+00
-2.180801033973693848e-01
-4.761048555374145508e-01
-3.052461147308349609e-01
-2.560696601867675781e-01
-1.532428711652755737e-01
-2.976344339549541473e-02
1.701969653367996216e-01
1.509806662797927856e-01
-5.509442184120416641e-03
-6.229211762547492981e-02
2.063943147659301758e-01
8.655500411987304688e-02
1.405415236949920654e-01
3.811109066009521484e-01
5.512079596519470215e-01
6.284877061843872070e-01
5.329832434654235840e-01
9.657783508300781250e-01
9.833924174308776855e-01
1.029366970062255859e+00
9.513924717903137207e-01
9.647946357727050781e-01
1.062554836273193359e+00
5.431725978851318359e-01
5.278297066688537598e-01
9.347173571586608887e-01
5.969061851501464844e-01
8.484948873519897461e-01
-8.364866971969604492e-01
-1.044555544853210449e+00
1.696944832801818848e-01
3.863927423954010010e-01
-1.045538544654846191e+00
4.931986033916473389e-01
2.238558083772659302e-01
3.237797915935516357e-01
-2.245070219039916992e+00
-2.125988006591796875e+00
-1.285842418670654297e+00
-9.996692538261413574e-01
-1.441460371017456055e+00
-9.699140787124633789e-01
-1.076692819595336914e+00
-1.430064320564270020e+00
-1.109812974929809570e+00
-1.246586084365844727e+00
-1.155557990074157715e+00
-2.295662641525268555e+00
-1.375644445419311523e+00
-4.166478216648101807e-01
1.017716899514198303e-01
-9.033095091581344604e-03
2.201817333698272705e-01
6.775535941123962402e-01
4.596993029117584229e-01
7.022777199745178223e-01
7.238264679908752441e-01
8.462281227111816406e-01
7.700485587120056152e-01
4.754223823547363281e-01
9.453321099281311035e-01
9.640852212905883789e-01
6.460159420967102051e-01
7.437952160835266113e-01
8.050237298011779785e-01
5.091478228569030762e-01
8.043030500411987305e-01
5.900908708572387695e-01
9.271848797798156738e-01
1.013644099235534668e+00
-1.893654018640518188e-01
6.115248799324035645e-01
5.092049837112426758e-01
5.611721873283386230e-01
9.064599126577377319e-02
3.783057630062103271e-01
3.660522103309631348e-01
4.421499073505401611e-01
6.375092267990112305e-01
5.473617911338806152e-01
6.240713596343994141e-01
5.001190304756164551e-01
1.619852185249328613e-01
-1.408162061125040054e-02
1.313369274139404297e-01
-8.555095195770263672e-01
7.282029837369918823e-04
-3.463891148567199707e-01
1.440734714269638062e-01
1.773559153079986572e-01
-3.735224008560180664e-01
-2.095535993576049805e-01
-9.977806359529495239e-02
-1.425762921571731567e-01
-9.247887879610061646e-02
-1.803175508975982666e-01
6.023648008704185486e-02
-5.983736515045166016e-01
-8.149999380111694336e-01
-2.958384156227111816e-01
1.289279013872146606e-01
-6.049844995141029358e-02
1.425882428884506226e-01
2.715581059455871582e-01
2.686772644519805908e-01
3.434548974037170410e-01
4.470931887626647949e-01
4.572481811046600342e-01
7.657335996627807617e-01
-2.140371948480606079e-01
-2.132411479949951172e+00
-3.846843242645263672e-01
1.675529927015304565e-01
3.631471395492553711e-01
6.763941049575805664e-01
3.687669932842254639e-01
1.135849580168724060e-02
-2.267307937145233154e-01
-8.322202563285827637e-01
-1.924476623535156250e+00
-1.411985278129577637e+00
-1.077473998069763184e+00
-7.746429443359375000e-01
-8.585621118545532227e-01
-1.470513343811035156e-01
-4.716549068689346313e-02
2.277067452669143677e-01
2.860774695873260498e-01
3.806650936603546143e-01
-1.698140352964401245e-01
-1.056615233421325684e+00
-1.336543798446655273e+00
-1.314677596092224121e+00
-7.929345965385437012e-01
-2.785226404666900635e-01
-7.499130368232727051e-01
-1.191638857126235962e-01
2.286761552095413208e-01
4.316103756427764893e-01
8.266928791999816895e-02
2.481328994035720825e-01
-8.070005178451538086e-01
-4.478241130709648132e-02
3.571282327175140381e-02
3.234235644340515137e-01
-2.778317034244537354e-01
7.507830113172531128e-02
2.720140814781188965e-01
4.468976557254791260e-01
7.594565749168395996e-01
3.125437498092651367e-01
-6.714987009763717651e-02
8.525984287261962891e-01
9.211236834526062012e-01
5.417126417160034180e-01
4.894941449165344238e-01
-3.443479910492897034e-02
6.058420538902282715e-01
-2.246179729700088501e-01
4.758850857615470886e-02
8.580787107348442078e-03
-5.014594793319702148e-01
-5.992088913917541504e-01
-1.658069528639316559e-02
-4.608685970306396484e-01
-8.596346974372863770e-01
-9.401848316192626953e-01
-3.261761367321014404e-01
-8.310867547988891602e-01
-8.744763135910034180e-01
-9.990569353103637695e-01
-6.072168350219726562e-01
-9.697442054748535156e-01
-5.258417129516601562e-01
-3.434740006923675537e-02
-1.317985504865646362e-01
-9.465156793594360352e-01
-2.807649672031402588e-01
-5.408220291137695312e-01
1.879761815071105957e-01
4.748821854591369629e-01
1.310090124607086182e-01
3.671720027923583984e-01
4.938592910766601562e-01
7.633305788040161133e-01
7.272523641586303711e-01
8.490803241729736328e-01
2.598855197429656982e-01
6.001082062721252441e-01
1.509343683719635010e-01
-6.995473504066467285e-01
-1.321022152900695801e+00
-2.108858823776245117e+00
-1.447172760963439941e+00
-2.087428331375122070e+00
-5.959103703498840332e-01
-2.248190879821777344e+00
-1.080880641937255859e+00
-7.106201648712158203e-01
-7.028702497482299805e-01
-2.170693129301071167e-01
2.528038918972015381e-01
2.033936679363250732e-01
3.048060536384582520e-01
3.403842747211456299e-01
4.388326406478881836e-01
2.049306184053421021e-01
3.349734470248222351e-02
2.468790411949157715e-01
4.922426044940948486e-01
4.875614345073699951e-01
5.548433661460876465e-01
3.993461430072784424e-01
-1.790719747543334961e+00
-6.315518021583557129e-01
-5.092999339103698730e-01
-2.093825578689575195e+00
-4.393310248851776123e-01
-2.377893775701522827e-01
1.058524176478385925e-01
1.805104017257690430e-01
3.394600376486778259e-02
-2.194785475730895996e-01
1.056110020726919174e-02
1.330126971006393433e-01
4.448767006397247314e-01
1.654151976108551025e-01
1.725749671459197998e-01
8.777280896902084351e-02
5.568377375602722168e-01
6.538709402084350586e-01
4.293748736381530762e-01
5.640062093734741211e-01
7.573722600936889648e-01
3.988945484161376953e-01
5.898706316947937012e-01
4.020015895366668701e-01
3.695253431797027588e-01
8.026725798845291138e-02
4.109206795692443848e-01
4.122046828269958496e-01
-5.708711147308349609e-01
-1.509552747011184692e-01
-1.406677365303039551e-01
-1.450286954641342163e-01
-1.376023609191179276e-02
5.251914858818054199e-01
8.279398679733276367e-01
-4.668853878974914551e-01
1.975949853658676147e-01
5.654153823852539062e-01
1.966103315353393555e-01
6.767890453338623047e-01
6.411224007606506348e-01
4.929255247116088867e-01
1.323188282549381256e-02
7.126987576484680176e-01
1.226593017578125000e+00
1.325807422399520874e-01
2.837271392345428467e-01
8.510149121284484863e-01
6.688607335090637207e-01
7.389507889747619629e-01
6.938711404800415039e-01
8.698329329490661621e-01
7.013239264488220215e-01
1.398054957389831543e-01
-4.090251028537750244e-01
9.608452022075653076e-02
3.884875774383544922e-01
5.131478309631347656e-01
6.553812026977539062e-01
2.165715843439102173e-01
6.604378819465637207e-01
8.897668123245239258e-01
4.259969890117645264e-01
5.807325243949890137e-01
6.462478637695312500e-01
2.130597382783889771e-01
2.202786803245544434e-01
3.285883963108062744e-01
5.450395345687866211e-01
-8.287718892097473145e-01
1.011395230889320374e-01
5.695161223411560059e-01
5.650864839553833008e-01
3.988289237022399902e-01
-1.874807663261890411e-02
-8.617891073226928711e-01
-1.887473613023757935e-01
2.690914571285247803e-01
3.788995742797851562e-01
-1.057187914848327637e-01
1.176651045680046082e-01
1.404155790805816650e-01
-1.432050466537475586e-01
-1.650275945663452148e+00
-1.259932041168212891e+00
-3.936531543731689453e-01
-7.449959218502044678e-02
2.941487431526184082e-01
1.779384166002273560e-01
-2.546022832393646240e-01
-1.950421780347824097e-01
-2.618545107543468475e-02
-3.971478044986724854e-01
-1.908616900444030762e+00
-3.463876843452453613e-01
1.689482331275939941e-01
1.365298479795455933e-01
-1.117597341537475586e+00
-9.933265447616577148e-01
-1.351117968559265137e+00
-9.472925662994384766e-01
-6.733709573745727539e-01
-3.113417327404022217e-01
-5.848920345306396484e-01
-1.294706583023071289e+00
-1.571587443351745605e+00
-1.238057255744934082e+00
-4.941471219062805176e-01
-1.640924960374832153e-01
3.113495707511901855e-01
8.978008478879928589e-02
9.246502071619033813e-02
-2.399947792291641235e-01
-4.431803524494171143e-01
2.238635420799255371e-01
-7.584015130996704102e-01
-4.987324178218841553e-01
-6.947685033082962036e-02
9.728859364986419678e-02
3.584660589694976807e-01
3.126235306262969971e-01
-4.557855725288391113e-01
8.398806303739547729e-02
3.922966420650482178e-01
5.565932989120483398e-01
6.824844479560852051e-01
6.296354532241821289e-01
8.179329633712768555e-01
6.708123087882995605e-01
6.264384388923645020e-01
3.484520614147186279e-01
6.049875020980834961e-01
5.145703554153442383e-01
4.224901497364044189e-01
-9.997778534889221191e-01
-1.709969639778137207e+00
-8.457228541374206543e-01
-1.005078911781311035e+00
-1.696910500526428223e+00
-1.028770685195922852e+00
-2.555098533630371094e-01
-6.681539416313171387e-01
-5.287721157073974609e-01
-4.955316483974456787e-01
-5.809036493301391602e-01
-1.710598587989807129e+00
-8.961611986160278320e-01
-5.222731828689575195e-01
-1.761748939752578735e-01
-4.327535629272460938e-03
-9.960129261016845703e-01
-9.707189798355102539e-01
-5.748920440673828125e-01
-6.788595914840698242e-01
-5.971440076828002930e-01
-2.856890857219696045e-01
-7.540452480316162109e-01
-2.306682109832763672e+00
-9.618917703628540039e-01
1.680891364812850952e-01
4.326357245445251465e-01
2.174638807773590088e-01
-2.289775609970092773e-01
2.702993750572204590e-01
-1.833159476518630981e-01
3.177504241466522217e-02
3.699009716510772705e-01
3.438308238983154297e-01
4.442328214645385742e-01
8.016110062599182129e-01
4.529209434986114502e-01
5.613046288490295410e-01
3.870634734630584717e-01
3.633925616741180420e-01
6.596531271934509277e-01
1.112525165081024170e-01
-1.267225265502929688e+00
-6.597293019294738770e-01
-2.113498449325561523e-01
-4.019588232040405273e-02
-2.293134480714797974e-01
-6.189348101615905762e-01
-6.072551608085632324e-01
2.001075148582458496e-01
-2.386313378810882568e-01
3.983040153980255127e-01
4.725887775421142578e-01
-2.572646141052246094e-01
3.849414587020874023e-01
4.619797170162200928e-01
7.656896114349365234e-01
9.533332586288452148e-01
8.480811119079589844e-01
5.957458019256591797e-01
6.739342212677001953e-01
7.082054018974304199e-01
3.782369196414947510e-01
-3.383104205131530762e-01
-1.943560004234313965e+00
-9.871054291725158691e-01
1.308743208646774292e-01
4.274058341979980469e-01
-1.706199526786804199e+00
-7.712811231613159180e-01
-6.178445816040039062e-01
-1.143959760665893555e-01
3.182979226112365723e-01
3.310774266719818115e-01
-2.037374973297119141e+00
-1.981597423553466797e+00
-6.403680443763732910e-01
-1.649569749832153320e+00
-9.298797845840454102e-01
-1.712616920471191406e+00
-2.453022241592407227e+00
-9.357509016990661621e-01
-7.817512154579162598e-01
-7.564845681190490723e-01
-2.469471693038940430e-01
1.766118854284286499e-01
2.820339798927307129e-01
-1.545476466417312622e-01
2.478511333465576172e-01
1.804689168930053711e-01
-1.831421136856079102e+00
-4.645271897315979004e-01
-4.396712183952331543e-01
-2.918785512447357178e-01
-5.638046264648437500e-01
-1.429589748382568359e+00
-2.428142547607421875e+00
-1.564244389533996582e+00
-7.292824387550354004e-01
-3.902604281902313232e-01
-1.400748640298843384e-01
-2.548479735851287842e-01
-1.776453614234924316e+00
-1.310396909713745117e+00
-2.810062170028686523e-01
-1.788811534643173218e-01
2.213346362113952637e-01
2.732949554920196533e-01
1.720550656318664551e-01
-1.354644060134887695e+00
-9.939529299736022949e-01
1.612635850906372070e-01
3.476207852363586426e-01
3.331620395183563232e-01
3.035993576049804688e-01
-1.856235563755035400e-01
1.370200216770172119e-01
1.282160878181457520e-01
9.114083647727966309e-02
1.044616401195526123e-01
-2.918311655521392822e-01
-3.929034173488616943e-01
-1.196518063545227051e+00
-2.238502740859985352e+00
-1.757168889045715332e+00
-8.200569152832031250e-01
-4.093406796455383301e-01
-8.823715448379516602e-01
-1.579746484756469727e+00
-1.036463022232055664e+00
-1.038595795631408691e+00
-1.364248633384704590e+00
-4.043300747871398926e-01
-7.097604274749755859e-01
-1.186196684837341309e+00
4.514353349804878235e-02
-8.415941596031188965e-01
-2.548983991146087646e-01
-3.306362032890319824e-01
-8.312394618988037109e-01
1.164530366659164429e-01
-1.840861588716506958e-01
4.080293178558349609e-01
5.458185076713562012e-01
5.918037891387939453e-01
-1.309321168810129166e-02
-3.438330292701721191e-01
-1.187592983245849609e+00
-3.571021556854248047e-01
5.070257559418678284e-02
2.974270880222320557e-01
3.378235548734664917e-02
-3.535005748271942139e-01
-5.342437624931335449e-01
-1.830107450485229492e+00
-1.294566869735717773e+00
-1.359932303428649902e+00
-1.234733104705810547e+00
-1.061889171600341797e+00
-1.267210483551025391e+00
-1.888822674751281738e+00
-2.320412158966064453e+00
-1.355004668235778809e+00
-7.903397679328918457e-01
-7.152807712554931641e-01
-1.554909110069274902e+00
-1.045490026473999023e+00
-1.711957335472106934e+00
-1.113844990730285645e+00
-1.450519442558288574e+00
-6.724839210510253906e-01
-3.127980530261993408e-01
-4.720820188522338867e-01
-5.125327110290527344e-01
-1.123630166053771973e+00
-3.453972935676574707e-01
2.562235593795776367e-01
3.617973923683166504e-01
4.339159429073333740e-01
3.977042138576507568e-01
4.809528887271881104e-01
4.726175665855407715e-01
3.903915584087371826e-01
4.639216661453247070e-01
-2.005337029695510864e-01
-2.032579660415649414e+00
-1.555476546287536621e+00
-1.277755856513977051e+00
-1.311653733253479004e+00
-6.802560091018676758e-01
-6.777430772781372070e-01
-4.737415313720703125e-01
-9.408917427062988281e-01
-8.913371562957763672e-01
-6.356394886970520020e-01
-9.505394697189331055e-01
-1.835755705833435059e+00
-1.704600334167480469e+00
-1.191872596740722656e+00
-6.285922974348068237e-02
-1.453465968370437622e-01
3.329922258853912354e-01
1.693765372037887573e-01
3.608964383602142334e-01
3.747034370899200439e-01
-8.848651051521301270e-01
2.415170967578887939e-01
1.740798652172088623e-01
4.095427989959716797e-01
2.966073453426361084e-01
4.997057020664215088e-01
1.531415432691574097e-01
3.377855718135833740e-01
5.257698297500610352e-01
2.029311060905456543e-01
3.284928798675537109e-01
5.045293569564819336e-01
5.412389039993286133e-01
-4.513272047042846680e-01
4.218830727040767670e-03
2.912777364253997803e-01
4.471000432968139648e-01
5.062551498413085938e-01
5.314837694168090820e-01
2.139101475477218628e-01
9.618197381496429443e-02
-3.598511517047882080e-01
1.533075273036956787e-01
1.337062865495681763e-01
-1.329355388879776001e-01
3.181667923927307129e-01
4.005516469478607178e-01
-3.719639182090759277e-01
-3.958292305469512939e-01
-1.415545940399169922e+00
-1.156442388892173767e-01
-4.234374761581420898e-01
2.144799083471298218e-01
2.485876977443695068e-01
4.675613716244697571e-02
-5.446577072143554688e-01
-4.064938127994537354e-01
-6.053873300552368164e-01
6.962039042264223099e-03
-2.849169373512268066e-01
1.233935952186584473e-01
3.540899157524108887e-01
5.081906914710998535e-01
4.717954099178314209e-01
4.652852118015289307e-01
5.035225749015808105e-01
2.470305711030960083e-01
3.072394430637359619e-01
2.304153740406036377e-01
3.957446813583374023e-01
4.155551791191101074e-01
7.207064032554626465e-01
3.029449284076690674e-01
-4.269540682435035706e-02
3.218669295310974121e-01
4.651797413825988770e-01
3.774572610855102539e-01
3.624911606311798096e-01
2.682794928550720215e-01
4.691346585750579834e-01
-7.504177838563919067e-02
1.830134242773056030e-01
2.926239967346191406e-01
1.829815208911895752e-01
-9.460141658782958984e-01
7.671654969453811646e-02
-1.232300624251365662e-01
2.285680770874023438e-01
3.560964018106460571e-02
6.921438872814178467e-02
1.018475219607353210e-01
1.392031759023666382e-01
2.582083046436309814e-01
-1.673458069562911987e-01
-1.877938210964202881e-01
-1.744975596666336060e-01
-1.185202240943908691e+00
9.258975833654403687e-02
3.132592141628265381e-01
3.406504690647125244e-01
-2.676469981670379639e-01
-3.823515772819519043e-01
-4.182873368263244629e-01
-1.889263987541198730e-01
9.263492375612258911e-02
2.782489061355590820e-01
3.196826204657554626e-02
1.886025220155715942e-01
-6.422749161720275879e-01
-2.295626163482666016e+00
-1.591851711273193359e+00
-7.042068243026733398e-01
1.575066745281219482e-01
7.683051377534866333e-02
3.102656006813049316e-01
1.294932812452316284e-01
-8.536119945347309113e-03
-4.453740268945693970e-02
1.345772445201873779e-01
1.783443391323089600e-01
1.751352995634078979e-01
-5.678878426551818848e-01
-1.009809851646423340e+00
-2.425821274518966675e-01
-4.343120753765106201e-02
1.516233570873737335e-02
1.396242827177047729e-01
-9.104298800230026245e-02
1.225371137261390686e-01
5.999470502138137817e-02
-2.320734024047851562e+00
-1.973430633544921875e+00
-1.634609103202819824e+00
-4.769827425479888916e-01
-1.229967102408409119e-01
-2.827943265438079834e-01
2.752160727977752686e-01
3.485184609889984131e-01
3.615095019340515137e-01
1.488954871892929077e-01
-1.365627050399780273e-01
-5.707235932350158691e-01
-4.784338176250457764e-02
-5.796510577201843262e-01
-1.368542790412902832e+00
-6.794742345809936523e-01
-1.148403406143188477e+00
-1.381073355674743652e+00
-5.559440851211547852e-01
-1.561794281005859375e+00
-1.250710844993591309e+00
-9.276856184005737305e-01
-2.219656467437744141e+00
-1.308078527450561523e+00
-4.722816944122314453e-01
6.769850850105285645e-02
2.850394845008850098e-01
2.631177008152008057e-01
2.040479779243469238e-01
2.981418073177337646e-01
-7.375119924545288086e-01
-5.992006659507751465e-01
8.492169529199600220e-02
-1.010765507817268372e-02
-1.472245603799819946e-01
-9.331049919128417969e-01
-1.185697555541992188e+00
-6.730125844478607178e-02
1.730745583772659302e-01
4.138426780700683594e-01
4.192728400230407715e-01
3.148741424083709717e-01
4.489048421382904053e-01
5.283794999122619629e-01
7.976814508438110352e-01
5.349417924880981445e-01
2.922658920288085938e-01
5.235386490821838379e-01
5.356239676475524902e-01
5.455765724182128906e-01
-2.032299935817718506e-01
4.069756865501403809e-01
4.782017171382904053e-01
3.893810808658599854e-01
3.342097401618957520e-01
3.255012631416320801e-01
2.078813612461090088e-01
3.675687611103057861e-01
3.968948721885681152e-01
1.552729904651641846e-01
4.790610671043395996e-01
3.486733138561248779e-02
2.144902199506759644e-01
3.194586932659149170e-01
1.209501922130584717e-01
3.191905021667480469e-01
4.641861617565155029e-01
4.116715490818023682e-01
8.451493084430694580e-02
-1.941854208707809448e-01
-6.244272738695144653e-02
-3.431767821311950684e-01
-7.205018401145935059e-01
-1.701160788536071777e+00
-1.193638563156127930e+00
-4.302667379379272461e-01
-8.298872709274291992e-01
-1.956415653228759766e+00
-7.092726826667785645e-01
1.571996062994003296e-01
1.101140305399894714e-01
1.687780469655990601e-01
4.153574109077453613e-01
3.163485825061798096e-01
3.396887779235839844e-01
-8.715988397598266602e-01
-6.684591174125671387e-01
-3.816224262118339539e-02
1.200745068490505219e-02
1.460018754005432129e-01
1.872326284646987915e-01
-5.473670959472656250e-01
2.656701020896434784e-02
2.382004261016845703e-01
-7.978886961936950684e-01
-1.795899033546447754e+00
-6.780528426170349121e-01
2.832422554492950439e-01
1.853195875883102417e-01
3.692016303539276123e-01
6.858745217323303223e-01
5.853149294853210449e-01
2.407616376876831055e-01
-1.456765532493591309e+00
-4.797095358371734619e-01
-1.771959010511636734e-03
-1.150798320770263672e+00
-1.154372021555900574e-01
1.302877515554428101e-01
1.850428730249404907e-01
2.864524722099304199e-01
2.783317267894744873e-01
3.062310218811035156e-01
4.828541874885559082e-01
4.600731730461120605e-01
6.356049776077270508e-01
1.578911691904067993e-01
4.358800053596496582e-01
1.692277640104293823e-01
2.655647397041320801e-01
1.391057521104812622e-01
2.702438533306121826e-01
1.494409739971160889e-01
-9.673624038696289062e-01
-1.432123661041259766e+00
-1.863521933555603027e+00
-8.337885737419128418e-01
-1.092387676239013672e+00
2.014638483524322510e-02
-3.084464967250823975e-01
1.214009746909141541e-01
3.046021796762943268e-02
1.285015940666198730e-01
-2.732309140264987946e-02
1.622597426176071167e-01
1.756194680929183960e-01
1.647019833326339722e-01
-8.350502848625183105e-01
-6.975127756595611572e-02
-1.478470563888549805e-01
-6.437038779258728027e-01
-1.924992918968200684e+00
-7.441254258155822754e-01
-7.390570640563964844e-02
-4.129253029823303223e-01
-2.466158568859100342e-01
-1.609418511390686035e+00
-1.614662647247314453e+00
-1.052467226982116699e+00
3.541282191872596741e-02
-7.137500494718551636e-02
9.148723632097244263e-02
2.328534871339797974e-01
4.159807562828063965e-01
2.021441757678985596e-01
1.089820489287376404e-01
3.174847662448883057e-01
5.827431082725524902e-01
-9.093771576881408691e-01
-3.392972350120544434e-01
1.863147020339965820e-01
2.897397279739379883e-01
4.559141099452972412e-01
-7.002393901348114014e-02
-1.399176567792892456e-01
-2.412625551223754883e-01
-1.738851517438888550e-02
-1.597910076379776001e-01
1.854154765605926514e-01
-3.063716888427734375e-01
-6.913334727287292480e-01
-1.108925715088844299e-01
1.938212849199771881e-02
2.787538170814514160e-01
4.765572845935821533e-01
4.845572113990783691e-01
5.810987353324890137e-01
5.612798333168029785e-01
6.051132678985595703e-01
5.754417777061462402e-01
2.144859582185745239e-01
2.498639225959777832e-01
2.593290805816650391e-01
-1.270981878042221069e-01
3.046285212039947510e-01
2.449497282505035400e-01
4.334101974964141846e-01
5.280736684799194336e-01
4.526941180229187012e-01
-1.268136382102966309e+00
-1.013259649276733398e+00
-1.942252516746520996e-01
-8.450522422790527344e-01
-7.916386723518371582e-01
-2.056267708539962769e-01
-4.630869328975677490e-01
-2.219275385141372681e-01
1.097081229090690613e-01
9.725331515073776245e-02
1.922940611839294434e-01
-7.178846001625061035e-02
-1.359369158744812012e-01
4.870597124099731445e-01
-3.011693656444549561e-01
-1.539742231369018555e+00
-1.212110757827758789e+00
1.064742729067802429e-01
3.477317690849304199e-01
3.021153509616851807e-01
3.886139988899230957e-01
4.581231474876403809e-01
5.388994216918945312e-01
5.103739500045776367e-01
-7.401895523071289062e-02
-8.486186861991882324e-01
-2.005846351385116577e-01
2.669787108898162842e-01
2.085065543651580811e-01
1.654079109430313110e-01
-2.883637547492980957e-01
-1.542850583791732788e-01
-1.328349560499191284e-01
3.838915228843688965e-01
4.683919250965118408e-01
2.982756197452545166e-01
4.731737673282623291e-01
3.704132735729217529e-01
4.056748449802398682e-01
-1.067576929926872253e-01
-1.021530926227569580e-01
9.902755916118621826e-02
1.467728763818740845e-01
2.556323111057281494e-01
4.157588258385658264e-02
4.058000147342681885e-01
3.605010733008384705e-02
5.111177563667297363e-01
4.288396537303924561e-01
5.803737044334411621e-01
5.977443456649780273e-01
7.147743701934814453e-01
7.906478047370910645e-01
-6.412793397903442383e-01
4.930143356323242188e-01
4.446137845516204834e-01
3.466034233570098877e-01
4.219722002744674683e-02
1.664537042379379272e-01
3.514725267887115479e-01
2.365628182888031006e-01
6.911481916904449463e-02
1.105795651674270630e-01
-5.121858417987823486e-02
-2.319315195083618164e+00
-1.147288918495178223e+00
-2.802070677280426025e-01
-1.959698945283889771e-01
1.350341439247131348e-01
3.987128138542175293e-01
4.398313462734222412e-01
-3.837587237358093262e-01
-1.667710542678833008e+00
-4.683426916599273682e-01
-1.025869846343994141e+00
-1.210355997085571289e+00
-3.009233176708221436e-01
3.709399402141571045e-01
5.288271307945251465e-01
2.938973903656005859e-01
3.122640252113342285e-01
-6.374240517616271973e-01
-7.513938099145889282e-02
2.177010029554367065e-01
2.427932918071746826e-01
1.289073377847671509e-01
5.031394958496093750e-01
5.345358252525329590e-01
2.659237384796142578e-01
-5.046629905700683594e-02
1.523322016000747681e-01
-1.179676651954650879e+00
1.609805971384048462e-01
2.907087206840515137e-01
-1.694771349430084229e-01
-6.994168758392333984e-01
1.946838051080703735e-01
3.767717182636260986e-01
2.261166125535964966e-01
-4.758861362934112549e-01
-8.510096073150634766e-01
3.616144657135009766e-01
4.955587089061737061e-01
-7.990586757659912109e-01
-4.684498012065887451e-01
1.796113699674606323e-01
3.795352876186370850e-01
4.627622067928314209e-01
4.562292993068695068e-01
-9.374611973762512207e-01
-2.088858336210250854e-01
6.728910654783248901e-02
-6.544525176286697388e-02
-1.338946104049682617e+00
-1.173822060227394104e-01
-1.288743615150451660e-01
2.903504967689514160e-01
6.197528168559074402e-02
-2.921572327613830566e-01
-1.317888349294662476e-01
3.091312199831008911e-02
4.115536510944366455e-01
2.916951179504394531e-01
4.357844591140747070e-01
5.691447854042053223e-01
9.159898161888122559e-01
-4.294351041316986084e-01
2.490962445735931396e-01
-1.004294991493225098e+00
4.509138315916061401e-02
-1.553411036729812622e-01
5.029657483100891113e-01
2.561588585376739502e-01
-6.324337720870971680e-01
4.670426622033119202e-02
3.337595760822296143e-01
2.742508351802825928e-01
4.218370020389556885e-01
2.550397813320159912e-02
5.999255180358886719e-01
9.100955724716186523e-01
-2.104976326227188110e-01
-4.112754166126251221e-01
-1.088711142539978027e+00
-8.494616746902465820e-01
-6.117552518844604492e-01
-6.953622102737426758e-01
-8.029760420322418213e-02
-2.430395688861608505e-03
2.543831467628479004e-01
3.070903718471527100e-01
-4.552272334694862366e-02
-2.798427343368530273e-01
2.040127217769622803e-01
1.997081637382507324e-01
-1.754439324140548706e-01
4.197878837585449219e-01
-1.082167401909828186e-01
4.633591771125793457e-01
1.255871206521987915e-01
4.653260707855224609e-01
-2.436153739690780640e-01
-5.188548564910888672e-01
1.455022990703582764e-01
6.503751873970031738e-02
1.627347320318222046e-01
-2.308157384395599365e-01
-7.012730091810226440e-02
-9.179693460464477539e-02
1.462810188531875610e-01
4.314227700233459473e-01
5.545158982276916504e-01
4.242003858089447021e-01
3.363952338695526123e-01
3.090840876102447510e-01
5.645633935928344727e-01
8.458822965621948242e-01
1.688516288995742798e-01
4.314523339271545410e-01
-1.484100103378295898e+00
9.359063953161239624e-02
-9.309582114219665527e-01
3.214886412024497986e-03
1.796715110540390015e-01
4.639749228954315186e-01
-2.364061325788497925e-01
-4.130437970161437988e-01
-3.467395603656768799e-01
-2.883385121822357178e-01
2.006408423185348511e-01
-1.933788806200027466e-01
1.473756283521652222e-01
4.206785261631011963e-01
-2.374177575111389160e-01
-3.241632878780364990e-01
-7.116076350212097168e-02
3.115111775696277618e-02
1.882890053093433380e-02
4.859542250633239746e-01
2.953196465969085693e-01
1.058925747871398926e+00
1.013685703277587891e+00
9.274942874908447266e-01
7.281014919281005859e-01
-3.792950809001922607e-01
-3.886032998561859131e-01
-8.462638407945632935e-02
-9.981495887041091919e-02
-2.046055197715759277e-01
4.087786376476287842e-01
5.133147239685058594e-01
9.131128191947937012e-01
9.878855943679809570e-01
8.917271494865417480e-01
8.413586616516113281e-01
4.865176975727081299e-01
6.508211493492126465e-01
5.951253771781921387e-01
6.153359413146972656e-01
2.388391643762588501e-02
7.613714933395385742e-01
2.522645890712738037e-01
5.105705261230468750e-01
5.590153932571411133e-01
-6.219775080680847168e-01
1.468590199947357178e-01
1.020546033978462219e-01
-4.445039629936218262e-01
-2.243621349334716797e-01
-1.737861335277557373e-02
-3.564532101154327393e-02
-3.567067384719848633e-01
-1.965339630842208862e-01
2.320865392684936523e-01
2.617008388042449951e-01
1.038794517517089844e-01
1.472315043210983276e-01
-2.736297994852066040e-02
-7.690367102622985840e-02
-1.876655220985412598e-01
-7.677870988845825195e-01
-1.158890843391418457e+00
-8.385144472122192383e-01
-8.969371318817138672e-01
-5.617321133613586426e-01
-4.105499386787414551e-01
-3.458031415939331055e-01
-2.360529303550720215e-01
-5.770318210124969482e-02
5.145312845706939697e-02
2.263214141130447388e-01
1.119742915034294128e-01
1.803290992975234985e-01
3.184510469436645508e-01
1.460517048835754395e-01
-9.763006865978240967e-02
-2.003279924392700195e-01
1.488767117261886597e-01
-3.204387724399566650e-01
3.554186820983886719e-01
3.485115170478820801e-01
6.392272114753723145e-01
5.187219381332397461e-01
5.459292531013488770e-01
3.070192933082580566e-01
5.174309015274047852e-01
4.732000827789306641e-01
6.617659926414489746e-01
5.837582349777221680e-01
3.170084357261657715e-01
3.170813322067260742e-01
3.245876133441925049e-01
2.417110055685043335e-01
-2.319540381431579590e-01
-1.747915744781494141e-01
1.320714205503463745e-01
6.918950378894805908e-02
1.225237846374511719e-01
1.395703256130218506e-01
-3.058833479881286621e-01
-3.038256466388702393e-01
-4.012206494808197021e-01
-7.146674990653991699e-01
-6.571341156959533691e-01
-1.369629383087158203e+00
-1.347782135009765625e+00
-3.756548166275024414e-01
1.958799213171005249e-01
1.657900810241699219e-01
3.791259825229644775e-01
2.754045128822326660e-01
2.962036132812500000e-01
5.085005760192871094e-01
6.719929575920104980e-01
4.872555434703826904e-01
2.077863961458206177e-01
4.745749831199645996e-01
1.097326278686523438e-01
2.349888980388641357e-01
-2.950809597969055176e-01
7.912619039416313171e-04
3.237668871879577637e-01
2.514010667800903320e-01
-9.816680103540420532e-03
-3.548277616500854492e-01
-3.417208045721054077e-02
1.550302952527999878e-01
4.633145928382873535e-01
4.190450310707092285e-01
6.127911210060119629e-01
6.334270834922790527e-01
4.812655746936798096e-01
3.897814750671386719e-01
5.246599316596984863e-01
4.838609397411346436e-01
1.943081766366958618e-01
-1.774253010749816895e+00
-1.829731702804565430e+00
-1.799309492111206055e+00
-1.865866780281066895e+00
-1.777627229690551758e+00
-1.740073084831237793e+00
-1.720565199851989746e+00
-1.727255344390869141e+00
-1.769541144371032715e+00
-1.766169428825378418e+00
-1.790022730827331543e+00
-1.773752927780151367e+00
-1.937668085098266602e+00
-1.923467993736267090e+00
-1.948205232620239258e+00
-1.971857666969299316e+00
-1.976489305496215820e+00
-2.093952894210815430e+00
-2.354549884796142578e+00
-2.163120508193969727e+00
-2.338545322418212891e+00
-1.777086615562438965e+00
-1.959597468376159668e+00
-1.861997961997985840e+00
-1.791113972663879395e+00
-1.885269045829772949e+00
-1.757901072502136230e+00
-1.770349621772766113e+00
-1.874913573265075684e+00
-1.944303631782531738e+00
-1.940101504325866699e+00
-2.024901390075683594e+00
-2.032665729522705078e+00
-1.824809551239013672e+00
-1.846813559532165527e+00
-1.711852550506591797e+00
-1.639407515525817871e+00
-1.628863096237182617e+00
-1.692874670028686523e+00
-1.719256639480590820e+00
-1.668220639228820801e+00
-1.701329946517944336e+00
-1.696327209472656250e+00
-1.658211350440979004e+00
-1.720231890678405762e+00
-1.683129549026489258e+00
-1.709646940231323242e+00
-1.672063708305358887e+00
-1.665306687355041504e+00
-1.676778912544250488e+00
-1.615517258644104004e+00
-1.681673407554626465e+00
-1.673057198524475098e+00
-1.687877535820007324e+00
-1.920894026756286621e+00
-1.626322150230407715e+00
-1.665733575820922852e+00
-1.702931284904479980e+00
-1.718670248985290527e+00
-1.700316667556762695e+00
-1.707379221916198730e+00
-1.686090111732482910e+00
-1.693302631378173828e+00
-1.698725700378417969e+00
-1.650497794151306152e+00
-1.581442713737487793e+00
-1.763359308242797852e+00
-1.644309401512145996e+00
-1.689903855323791504e+00
-1.764803171157836914e+00
-1.642830967903137207e+00
-1.674764990806579590e+00
-1.747815847396850586e+00
-1.742556571960449219e+00
-1.747085094451904297e+00
-1.707167029380798340e+00
-1.675228834152221680e+00
-1.634062647819519043e+00
-1.707661747932434082e+00
-1.711876988410949707e+00
-1.745913147926330566e+00
-1.727700471878051758e+00
-1.707005620002746582e+00
-1.755159974098205566e+00
-1.782057166099548340e+00
-1.599894881248474121e+00
-1.776189088821411133e+00
-1.711886286735534668e+00
-1.719617486000061035e+00
-1.699992299079895020e+00
-1.664736747741699219e+00
-1.778341650962829590e+00
-1.782058596611022949e+00
-1.815354466438293457e+00
-1.693924427032470703e+00
-1.748163104057312012e+00
-1.699275135993957520e+00
-1.662927865982055664e+00
-1.717127203941345215e+00
-1.715588331222534180e+00
-1.772320747375488281e+00
-1.720116257667541504e+00
-1.723587512969970703e+00
-1.779474496841430664e+00
-1.911567449569702148e+00
-2.042680025100708008e+00
-2.272339344024658203e+00
-1.841159939765930176e+00
-1.771503210067749023e+00
-1.768348455429077148e+00
-1.860374569892883301e+00
-1.842012286186218262e+00
-1.729249954223632812e+00
-2.054949760437011719e+00
-1.866547942161560059e+00
-1.983595252037048340e+00
-1.961869955062866211e+00
-1.910934448242187500e+00
-1.852750301361083984e+00
-1.852398037910461426e+00
-1.807432770729064941e+00
-1.881606698036193848e+00
-1.760701894760131836e+00
-1.729457259178161621e+00
-1.589644551277160645e+00
-1.801073551177978516e+00
-1.743976712226867676e+00
-1.760173916816711426e+00
-1.719634652137756348e+00
-1.727101922035217285e+00
-1.855184912681579590e+00
-1.799485683441162109e+00
-1.841478586196899414e+00
-1.801140904426574707e+00
-1.830130338668823242e+00
-1.926459789276123047e+00
-1.901268482208251953e+00
-1.905784964561462402e+00
-1.803097724914550781e+00
-1.861003637313842773e+00
-1.674192667007446289e+00
-1.775852322578430176e+00
-1.754267096519470215e+00
-1.783237218856811523e+00
-1.714787483215332031e+00
-1.672534942626953125e+00
-1.770275115966796875e+00
-1.855814456939697266e+00
-1.646866440773010254e+00
-1.649126172065734863e+00
-1.679654240608215332e+00
-1.629348158836364746e+00
-1.666099429130554199e+00
-1.638036966323852539e+00
-1.545063614845275879e+00
-1.640645265579223633e+00
-1.584904432296752930e+00
-1.722052454948425293e+00
-1.692433834075927734e+00
-1.729548096656799316e+00
-1.684462785720825195e+00
-1.735198259353637695e+00
-1.680445075035095215e+00
-1.572596549987792969e+00
-1.635089039802551270e+00
-1.605600833892822266e+00
-1.645756483078002930e+00
-1.723601698875427246e+00
-1.695155143737792969e+00
-1.892941832542419434e+00
-1.874901056289672852e+00
-1.880434036254882812e+00
-1.767094373703002930e+00
-1.862862110137939453e+00
-1.818283677101135254e+00
-1.907691478729248047e+00
-1.829799294471740723e+00
-1.946285128593444824e+00
-2.104269504547119141e+00
-1.904114365577697754e+00
-2.067880153656005859e+00
-2.009503841400146484e+00
-2.049333810806274414e+00
-1.869657993316650391e+00
-1.981651782989501953e+00
-1.849985957145690918e+00
-2.037834167480468750e+00
-1.856773734092712402e+00
-1.876038551330566406e+00
-1.914223670959472656e+00
-1.967867493629455566e+00
-1.899474620819091797e+00
-2.056475162506103516e+00
-1.885617017745971680e+00
-1.861249566078186035e+00
-1.848325371742248535e+00
-1.797290325164794922e+00
-1.860797166824340820e+00
-1.905899047851562500e+00
-1.801241159439086914e+00
-1.863308072090148926e+00
-1.852061152458190918e+00
-1.915159344673156738e+00
-1.901293158531188965e+00
-1.862668991088867188e+00
-1.867187142372131348e+00
-1.882993578910827637e+00
-1.801092982292175293e+00
-1.761341691017150879e+00
-1.828681707382202148e+00
-1.862083077430725098e+00
-1.845818161964416504e+00
-1.844984292984008789e+00
-1.764071106910705566e+00
-1.828465700149536133e+00
-1.961977362632751465e+00
-1.870000600814819336e+00
-1.821822047233581543e+00
-1.984524607658386230e+00
-1.934095382690429688e+00
-1.934524059295654297e+00
-1.777041196823120117e+00
-1.761214375495910645e+00
-1.639623403549194336e+00
-1.846363782882690430e+00
-1.905799388885498047e+00
-1.882148385047912598e+00
-1.885092735290527344e+00
-1.827844142913818359e+00
-1.762504816055297852e+00
-1.746259093284606934e+00
-1.835893034934997559e+00
-1.695599555969238281e+00
-1.674270033836364746e+00
-1.764558196067810059e+00
-1.813057065010070801e+00
-1.913985967636108398e+00
-1.997843384742736816e+00
-1.923947334289550781e+00
-1.822455406188964844e+00
-1.845221638679504395e+00
-1.816817283630371094e+00
-1.825142860412597656e+00
-1.962140440940856934e+00
-1.844860672950744629e+00
-1.865256547927856445e+00
-1.839940071105957031e+00
-1.859036564826965332e+00
-1.684994816780090332e+00
-1.780480504035949707e+00
-1.858047246932983398e+00
-1.828586816787719727e+00
-1.967823505401611328e+00
-2.055470466613769531e+00
-1.812912464141845703e+00
-1.831072807312011719e+00
-1.887292504310607910e+00
-1.815237998962402344e+00
-1.850265860557556152e+00
-2.000379085540771484e+00
-2.057017803192138672e+00
-1.839350104331970215e+00
-1.735964179039001465e+00
-1.831985831260681152e+00
-2.110390424728393555e+00
-2.111638545989990234e+00
-1.970395565032958984e+00
-2.062588691711425781e+00
-1.813276290893554688e+00
-1.750384330749511719e+00
-1.812475800514221191e+00
-1.829516410827636719e+00
-1.776691436767578125e+00
-1.753202557563781738e+00
-1.778685450553894043e+00
-1.811222910881042480e+00
-1.739536166191101074e+00
-1.793197274208068848e+00
-1.714743494987487793e+00
-1.762241244316101074e+00
-1.909805059432983398e+00
-1.995668888092041016e+00
-1.934078693389892578e+00
-1.881887435913085938e+00
-2.049150705337524414e+00
-2.038085222244262695e+00
-2.018292427062988281e+00
-2.000108003616333008e+00
-1.873665452003479004e+00
-1.970679402351379395e+00
-1.940610647201538086e+00
-1.951186656951904297e+00
-1.885145902633666992e+00
-1.867911815643310547e+00
-1.820497632026672363e+00
-1.838714838027954102e+00
-1.864523887634277344e+00
-2.229177713394165039e+00
-2.050513267517089844e+00
-1.853185176849365234e+00
-2.024071455001831055e+00
-1.903580665588378906e+00
-1.871465921401977539e+00
-1.754303932189941406e+00
-1.486071825027465820e+00
-1.535450696945190430e+00
-1.209098935127258301e+00
-9.328879714012145996e-01
-5.527480840682983398e-01
-5.587958097457885742e-01
-3.970521390438079834e-01
-6.830093860626220703e-01
-1.206921815872192383e+00
-1.424368739128112793e+00
-1.664310336112976074e+00
-1.949641585350036621e+00
-1.835488438606262207e+00
-1.347998142242431641e+00
-1.309282302856445312e+00
-1.660462379455566406e+00
-1.287659049034118652e+00
-1.284496307373046875e+00
-1.051958441734313965e+00
-4.465292394161224365e-01
-4.123441874980926514e-01
-3.414763212203979492e-01
-2.716341018676757812e-01
-4.136247932910919189e-01
-5.166857838630676270e-01
-7.174074649810791016e-02
2.176897227764129639e-01
1.584104746580123901e-01
2.835680544376373291e-01
7.451684772968292236e-02
-5.821509957313537598e-01
3.824529647827148438e-01
4.766091406345367432e-01
6.295819282531738281e-01
7.288087010383605957e-01
7.675675153732299805e-01
6.006502509117126465e-01
9.539568424224853516e-01
8.322730660438537598e-01
9.565610289573669434e-01
1.099626064300537109e+00
1.089846491813659668e+00
6.058061122894287109e-01
1.168821692466735840e+00
1.058415889739990234e+00
1.035503864288330078e+00
1.006958484649658203e+00
1.176369190216064453e+00
1.122896671295166016e+00
1.028587341308593750e+00
1.257956624031066895e+00
1.405300855636596680e+00
1.211227178573608398e+00
1.466071486473083496e+00
1.207605481147766113e+00
9.324817657470703125e-01
9.201644659042358398e-01
9.851869344711303711e-01
1.051298856735229492e+00
8.729041814804077148e-01
1.135844230651855469e+00
1.055022239685058594e+00
1.244357585906982422e+00
9.574590921401977539e-01
7.915900945663452148e-01
1.476456075906753540e-01
-1.206202864646911621e+00
-1.742582082748413086e+00
-1.809437632560729980e+00
-1.801622033119201660e+00
-1.742242932319641113e+00
-1.397029161453247070e+00
-4.345832765102386475e-01
-4.575462043285369873e-01
-1.777930557727813721e-01
-1.527588516473770142e-01
2.464036270976066589e-02
3.319586515426635742e-01
-1.621996909379959106e-01
9.000431746244430542e-02
-2.851349413394927979e-01
5.616816505789756775e-02
3.093835115432739258e-01
-3.539397418498992920e-01
-7.443881034851074219e-01
-2.131591737270355225e-01
4.754109978675842285e-01
5.228174924850463867e-01
2.214972823858261108e-01
3.403895795345306396e-01
3.735647499561309814e-01
6.778080463409423828e-01
6.541168689727783203e-01
1.014301300048828125e+00
1.055472016334533691e+00
4.728910923004150391e-01
8.960232138633728027e-01
1.046051263809204102e+00
9.771838784217834473e-01
7.635495662689208984e-01
7.439092397689819336e-01
8.621433973312377930e-01
9.421109557151794434e-01
8.437739014625549316e-01
8.576825857162475586e-01
1.007177710533142090e+00
9.408723711967468262e-01
1.040401816368103027e+00
1.121090412139892578e+00
1.010469675064086914e+00
6.711591482162475586e-01
7.985641956329345703e-01
6.757031679153442383e-01
-6.403629779815673828e-01
-6.953572630882263184e-01
-6.641982197761535645e-01
-1.297804266214370728e-01
-5.884006023406982422e-01
-8.195058256387710571e-02
-3.078582696616649628e-02
5.072969198226928711e-02
6.686037182807922363e-01
4.837044477462768555e-01
7.331648468971252441e-01
1.106855750083923340e+00
1.036368131637573242e+00
5.924799442291259766e-01
6.023619771003723145e-01
4.069606959819793701e-01
-3.696248233318328857e-01
-9.288896918296813965e-01
-2.032120466232299805e+00
-2.112818717956542969e+00
-1.461001157760620117e+00
-1.842311382293701172e+00
-1.860635519027709961e+00
-1.850182056427001953e+00
-1.445734024047851562e+00
-1.363334536552429199e+00
-2.015241384506225586e+00
-1.499364852905273438e+00
-9.245251417160034180e-01
-7.127886414527893066e-01
-1.959704011678695679e-01
-1.975300014019012451e-01
-1.257639527320861816e-01
-7.407562732696533203e-01
-7.415809631347656250e-01
-1.958993822336196899e-01
3.422304093837738037e-01
5.423690676689147949e-01
4.758020043373107910e-01
5.043185353279113770e-01
4.116224348545074463e-01
5.935224294662475586e-01
4.517926871776580811e-01
2.084221690893173218e-01
2.924396693706512451e-01
-2.836794592440128326e-02
3.488092124462127686e-01
3.928952813148498535e-01
3.034809529781341553e-01
5.784789919853210449e-01
4.601448774337768555e-01
6.227830052375793457e-01
3.168671727180480957e-01
7.635411620140075684e-01
5.741496682167053223e-01
5.705717802047729492e-01
3.159793615341186523e-01
2.714537680149078369e-01
2.213932573795318604e-01
2.681874334812164307e-01
-9.648037701845169067e-02
-1.574488282203674316e+00
-8.717434406280517578e-01
-1.290517568588256836e+00
-1.845937490463256836e+00
-1.324864149093627930e+00
-7.547886371612548828e-01
-6.698524355888366699e-01
-2.175689697265625000e+00
-7.635474205017089844e-01
-7.098140716552734375e-01
-1.440223336219787598e+00
-6.667033433914184570e-01
-4.320853054523468018e-01
-4.672783911228179932e-01
-4.664140045642852783e-01
-7.844576239585876465e-01
-6.524875164031982422e-01
-3.064075410366058350e-01
-6.416724920272827148e-01
-6.932234764099121094e-01
-1.259920835494995117e+00
-1.484620332717895508e+00
-1.294191241264343262e+00
-8.020097017288208008e-01
-1.652884483337402344e+00
-9.846723675727844238e-01
-1.428367972373962402e+00
-1.291185021400451660e+00
-3.617406189441680908e-01
7.725625038146972656e-01
6.396641731262207031e-01
7.922391891479492188e-01
6.938197612762451172e-01
8.130973577499389648e-01
-3.009027540683746338e-01
-7.783162593841552734e-01
-4.716559350490570068e-01
1.811247915029525757e-01
5.889428257942199707e-01
5.156641006469726562e-01
-1.062618970870971680e+00
8.985738456249237061e-02
2.323217988014221191e-01
4.377358257770538330e-01
9.309172034263610840e-01
1.076272130012512207e+00
1.056718468666076660e+00
1.068196296691894531e+00
7.961784005165100098e-01
8.405457139015197754e-01
6.677120327949523926e-01
8.783516883850097656e-01
7.529287934303283691e-01
6.260957717895507812e-01
-5.814355611801147461e-01
-1.093994751572608948e-01
4.138171672821044922e-01
5.485674738883972168e-01
5.831898450851440430e-01
-6.076607704162597656e-01
-1.918226003646850586e+00
-1.673633575439453125e+00
-1.859831929206848145e+00
-1.726691365242004395e+00
-1.373153805732727051e+00
-3.472214937210083008e-01
-1.412436604499816895e+00
-9.673266410827636719e-01
-8.701027035713195801e-01
-5.895938277244567871e-01
-1.246226072311401367e+00
-1.127354651689529419e-01
2.665714323520660400e-01
3.320870921015739441e-02
4.791542887687683105e-01
6.443954706192016602e-01
5.115364193916320801e-01
5.530572533607482910e-01
3.563435673713684082e-01
-7.471578717231750488e-01
-7.934980839490890503e-02
-1.157288789749145508e+00
-1.639358401298522949e+00
-1.785107493400573730e+00
-5.758921504020690918e-01
-1.636902451515197754e+00
-1.215476170182228088e-01
6.610531210899353027e-01
8.321076035499572754e-01
7.190879583358764648e-01
5.047394633293151855e-01
6.708227992057800293e-01
-2.472242414951324463e-01
4.807126522064208984e-01
4.576502442359924316e-01
1.676247715950012207e-01
-6.412222385406494141e-01
-5.698528289794921875e-01
1.972144991159439087e-01
-3.356833755970001221e-01
-1.593849182128906250e+00
-6.042391657829284668e-01
-9.759755134582519531e-01
-2.520817518234252930e-01
3.041250705718994141e-01
9.209707975387573242e-01
7.520551085472106934e-01
2.792669534683227539e-01
-1.030080676078796387e+00
-2.619025409221649170e-01
3.671128153800964355e-01
-1.064943615347146988e-03
-1.584158301353454590e+00
-3.428011536598205566e-01
-2.659169435501098633e-01
-8.138655424118041992e-01
1.210514828562736511e-01
-1.450037807226181030e-01
-9.609736204147338867e-01
-2.025356292724609375e+00
-2.337312221527099609e+00
-1.730873346328735352e+00
-1.769735813140869141e+00
-1.448543190956115723e+00
-1.671684265136718750e+00
-1.550010442733764648e+00
-1.245573997497558594e+00
-1.062304973602294922e+00
-1.131910681724548340e+00
-1.081495404243469238e+00
-1.198927998542785645e+00
-5.721156597137451172e-01
-6.631041765213012695e-01
-3.237970471382141113e-01
-2.829206883907318115e-01
-2.153300493955612183e-01
-5.417905449867248535e-01
-4.098345339298248291e-01
-7.194491028785705566e-01
-1.730384230613708496e+00
-4.978137612342834473e-01
-6.426452994346618652e-01
-9.720595479011535645e-01
-6.375377774238586426e-01
-9.226979017257690430e-01
-9.863966107368469238e-01
-5.518629550933837891e-01
1.853979825973510742e-01
5.286206007003784180e-01
4.917881190776824951e-01
4.112021028995513916e-01
4.058797061443328857e-01
-3.423937261104583740e-01
-6.159942150115966797e-01
-2.423241585493087769e-01
-7.011979818344116211e-01
-5.613876581192016602e-01
-1.420946419239044189e-01
7.088127732276916504e-02
-6.957882642745971680e-02
-5.905341506004333496e-01
-5.210085511207580566e-01
-1.908043146133422852e+00
-1.944552659988403320e+00
-1.904016256332397461e+00
-1.844738960266113281e+00
-1.869002938270568848e+00
