3.604032099246978760e-01
2.077202498912811279e-01
-6.063218787312507629e-02
6.986040621995925903e-02
3.206509947776794434e-01
1.675330251455307007e-01
-1.482346206903457642e-01
1.176032200455665588e-01
-3.125534625723958015e-03
2.815638482570648193e-01
-5.986118316650390625e-01
-7.015990018844604492e-01
-3.879525065422058105e-01
2.590386867523193359e-01
-2.574098110198974609e-01
1.314941346645355225e-01
3.928079903125762939e-01
3.600996434688568115e-01
2.717668116092681885e-01
4.735153317451477051e-01
5.184396505355834961e-01
4.461409449577331543e-01
6.965981125831604004e-01
7.587231397628784180e-01
7.114551663398742676e-01
6.344496607780456543e-01
8.589718341827392578e-01
4.021480381488800049e-01
3.593148291110992432e-01
2.239625602960586548e-01
9.797576069831848145e-02
4.216583669185638428e-01
4.401904344558715820e-01
5.396058559417724609e-01
4.684546589851379395e-01
3.183011412620544434e-01
5.280348658561706543e-01
3.507083356380462646e-01
4.137778282165527344e-01
4.536696374416351318e-01
5.186347961425781250e-01
7.993130087852478027e-01
6.886811256408691406e-01
3.133094310760498047e-01
3.311213552951812744e-01
-4.954202100634574890e-03
3.138907551765441895e-01
4.011040925979614258e-01
4.401176571846008301e-01
3.457638919353485107e-01
2.255975157022476196e-01
1.239836737513542175e-01
-1.807752102613449097e-01
3.002581894397735596e-01
3.355106338858604431e-02
2.804042398929595947e-01
2.069418877363204956e-01
8.872127532958984375e-02
6.358711123466491699e-01
6.769542098045349121e-01
6.165614128112792969e-01
3.686484694480895996e-02
1.772647537291049957e-02
-1.520978566259145737e-02
1.632106304168701172e-01
-1.558605134487152100e-01
-8.968617022037506104e-02
-4.124578237533569336e-01
-5.020101666450500488e-01
-4.376570284366607666e-01
-1.194865554571151733e-01
-3.626052141189575195e-01
-6.768800318241119385e-02
-1.413551419973373413e-01
4.418963193893432617e-01
-1.759949028491973877e-01
1.531499177217483521e-01
4.105694591999053955e-01
5.222314000129699707e-01
4.106531441211700439e-01
5.592771768569946289e-01
7.290915846824645996e-01
5.757944583892822266e-01
2.686314582824707031e-01
6.924160718917846680e-01
9.077987074851989746e-01
9.214192032814025879e-01
8.886398673057556152e-01
8.328655958175659180e-01
9.036894440650939941e-01
9.783481359481811523e-01
7.395794987678527832e-01
6.825664639472961426e-01
7.412843704223632812e-01
3.105477616190910339e-02
2.579821050167083740e-01
4.582243561744689941e-01
5.315008163452148438e-01
5.309657454490661621e-01
5.396580100059509277e-01
6.784439682960510254e-01
6.854364275932312012e-01
8.421202301979064941e-01
4.997433722019195557e-01
6.866694092750549316e-01
7.563226819038391113e-01
9.429069161415100098e-01
9.063922762870788574e-01
9.220274090766906738e-01
9.042709469795227051e-01
7.761021256446838379e-01
7.501045465469360352e-01
9.804584383964538574e-01
-1.588672399520874023e-01
-4.991914629936218262e-01
-3.653993010520935059e-01
-3.169867098331451416e-01
-2.676786482334136963e-01
-3.654330596327781677e-02
1.261077523231506348e-01
2.108372449874877930e-01
-4.186410456895828247e-02
-2.821179032325744629e-01
1.704085618257522583e-01
9.273273497819900513e-02
1.974398195743560791e-01
3.510291278362274170e-01
5.485223531723022461e-01
7.705619931221008301e-01
4.789341688156127930e-01
8.658387660980224609e-01
1.032333374023437500e+00
9.902329444885253906e-01
9.373785853385925293e-01
9.600521326065063477e-01
1.135536551475524902e+00
8.266071081161499023e-01
6.916555166244506836e-01
1.090795874595642090e+00
7.808385491371154785e-01
8.557986021041870117e-01
-9.193100333213806152e-01
-1.223696589469909668e+00
2.925493717193603516e-01
7.039986252784729004e-01
-1.232103705406188965e+00
6.030346751213073730e-01
3.438313305377960205e-01
6.299477815628051758e-01
-2.294755935668945312e+00
-2.434116125106811523e+00
-1.356549263000488281e+00
-1.163442373275756836e+00
-1.644739627838134766e+00
-1.456980109214782715e+00
-1.979380130767822266e+00
-2.065181016921997070e+00
-1.653133392333984375e+00
-1.307965993881225586e+00
-1.685495853424072266e+00
-2.724838972091674805e+00
-1.506725668907165527e+00
-5.480794906616210938e-01
-7.704509049654006958e-02
-1.336769610643386841e-01
2.298213690519332886e-01
5.624506473541259766e-01
4.879072308540344238e-01
7.527632117271423340e-01
7.267122268676757812e-01
1.211901068687438965e+00
7.247145771980285645e-01
5.264138579368591309e-01
1.039711236953735352e+00
1.203569173812866211e+00
9.068563580513000488e-01
9.008310437202453613e-01
1.026076197624206543e+00
5.835406184196472168e-01
8.893138766288757324e-01
6.313257813453674316e-01
9.405013322830200195e-01
1.011250019073486328e+00
-2.289662882685661316e-02
6.536014080047607422e-01
7.098667621612548828e-01
7.602853178977966309e-01
9.115302562713623047e-02
6.407836079597473145e-01
4.528502523899078369e-01
6.017887592315673828e-01
8.446266055107116699e-01
7.019217014312744141e-01
5.256150364875793457e-01
5.568512678146362305e-01
2.196141928434371948e-01
5.970277264714241028e-02
2.567208111286163330e-01
-8.779448270797729492e-01
8.179511874914169312e-02
-2.848590314388275146e-01
1.458812355995178223e-01
2.389127761125564575e-01
-3.039843142032623291e-01
-3.972450494766235352e-01
-1.807947754859924316e-01
-4.235864281654357910e-01
-7.283258438110351562e-02
-3.404247164726257324e-01
-5.410006642341613770e-01
-1.991946578025817871e+00
-1.172131299972534180e+00
-3.849319741129875183e-02
1.446508616209030151e-01
-1.030097082257270813e-01
2.001639604568481445e-01
2.449076324701309204e-01
2.379190474748611450e-01
4.134435057640075684e-01
3.951974809169769287e-01
5.233592391014099121e-01
8.630816340446472168e-01
-1.697331815958023071e-01
-2.578575134277343750e+00
-5.032120943069458008e-01
6.392067074775695801e-01
2.219332903623580933e-01
7.236518859863281250e-01
4.077211022377014160e-01
1.729934010654687881e-03
-6.627362221479415894e-02
-1.140741109848022461e+00
-2.078997135162353516e+00
-1.431763887405395508e+00
-8.689676523208618164e-01
-7.624294757843017578e-01
-9.452629089355468750e-01
-5.899328738451004028e-03
-4.701382666826248169e-02
5.073543265461921692e-02
3.192359507083892822e-01
3.579087555408477783e-01
-5.885686278343200684e-01
-1.784999847412109375e+00
-2.093214511871337891e+00
-1.049088358879089355e+00
-8.874156475067138672e-01
-3.512765765190124512e-01
-6.743382811546325684e-01
-1.874373257160186768e-01
3.351472020149230957e-01
6.389493346214294434e-01
1.484121680259704590e-01
2.429143786430358887e-01
-8.786707520484924316e-01
2.126793144270777702e-03
1.708134412765502930e-01
4.417778551578521729e-01
-3.479528427124023438e-01
9.054735302925109863e-02
3.599115908145904541e-01
4.237793087959289551e-01
8.013921976089477539e-01
1.959534585475921631e-01
-1.394807845354080200e-01
8.808329701423645020e-01
1.047275304794311523e+00
5.603285431861877441e-01
4.242101609706878662e-01
-1.363524198532104492e-01
5.526948571205139160e-01
-1.479410231113433838e-01
1.942168362438678741e-02
-5.151843652129173279e-02
-1.967809945344924927e-01
-5.427385568618774414e-01
3.292578831315040588e-02
-4.803910851478576660e-01
-6.967833042144775391e-01
-1.006155729293823242e+00
-3.312482833862304688e-01
-8.120622038841247559e-01
-8.498486280441284180e-01
-1.026344180107116699e+00
-6.698073744773864746e-01
-1.020590186119079590e+00
-5.937350988388061523e-01
-2.814920842647552490e-01
1.597640849649906158e-02
-1.147336363792419434e+00
-5.128453373908996582e-01
-5.955116748809814453e-01
1.719458959996700287e-02
5.988477468490600586e-01
6.038076803088188171e-02
2.265407294034957886e-01
2.385396212339401245e-01
7.623287439346313477e-01
8.173823952674865723e-01
8.904672265052795410e-01
4.074850380420684814e-01
6.430338621139526367e-01
1.137518808245658875e-01
-7.881343960762023926e-01
-1.445047378540039062e+00
-2.244193077087402344e+00
-1.054722070693969727e+00
-2.706475734710693359e+00
-4.854778945446014404e-01
-2.826239109039306641e+00
-1.562551856040954590e+00
-5.264566540718078613e-01
-7.190858125686645508e-01
-3.065721392631530762e-01
1.105728521943092346e-01
2.331485748291015625e-01
4.603032469749450684e-01
5.090924501419067383e-01
5.576708912849426270e-01
3.780110776424407959e-01
1.132768318057060242e-01
3.138602077960968018e-01
5.727009773254394531e-01
6.731649637222290039e-01
8.856786489486694336e-01
3.360677361488342285e-01
-2.327892065048217773e+00
-5.744367837905883789e-01
3.780489042401313782e-02
-2.754446029663085938e+00
-4.358833134174346924e-01
4.893502220511436462e-02
1.097532883286476135e-01
-1.186926513910293579e-01
-2.271743118762969971e-01
-3.356786072254180908e-01
1.585693284869194031e-02
3.611609935760498047e-01
4.946096837520599365e-01
2.276277691125869751e-01
1.970519125461578369e-01
2.020308673381805420e-01
5.735548138618469238e-01
8.315486907958984375e-01
4.625015854835510254e-01
7.614049911499023438e-01
9.115147590637207031e-01
4.261166453361511230e-01
6.088249683380126953e-01
4.041019678115844727e-01
2.606417238712310791e-01
-1.572740077972412109e-01
3.343580067157745361e-01
6.001416444778442383e-01
-6.605500578880310059e-01
-3.614920973777770996e-01
8.096308261156082153e-02
-4.450845718383789062e-01
-1.715959906578063965e-01
7.952003479003906250e-01
8.390995264053344727e-01
-4.240165948867797852e-01
1.167788803577423096e-01
6.435305476188659668e-01
2.848745286464691162e-01
7.808676362037658691e-01
7.308832406997680664e-01
4.761595427989959717e-01
5.354573205113410950e-02
7.481305003166198730e-01
1.388518810272216797e+00
2.481353133916854858e-01
5.049151182174682617e-01
7.726876139640808105e-01
7.066895365715026855e-01
8.533193469047546387e-01
6.930721998214721680e-01
1.075325608253479004e+00
7.840046882629394531e-01
1.810262054204940796e-01
-2.399802058935165405e-01
2.771378159523010254e-01
6.122921705245971680e-01
7.000987529754638672e-01
7.356957793235778809e-01
2.608392238616943359e-01
7.625798583030700684e-01
9.530525803565979004e-01
6.688925623893737793e-01
8.012766242027282715e-01
8.197798132896423340e-01
3.760235607624053955e-01
5.963720679283142090e-01
4.915220141410827637e-01
6.428118348121643066e-01
-2.745386958122253418e-01
4.037583470344543457e-01
6.814841032028198242e-01
6.785761713981628418e-01
5.619133710861206055e-01
7.486926019191741943e-02
-8.555901050567626953e-01
-2.289878875017166138e-01
2.858795225620269775e-01
5.206421017646789551e-01
-2.096807956695556641e-01
1.109226346015930176e-01
-6.904380023479461670e-02
-1.818383485078811646e-01
-1.793483018875122070e+00
-1.390809297561645508e+00
-6.061772704124450684e-01
1.511616865172982216e-03
3.298179805278778076e-01
5.526922643184661865e-02
-3.364253044128417969e-01
-2.755375206470489502e-01
-1.019169986248016357e-01
-3.091646432876586914e-01
-1.971836924552917480e+00
-3.375106155872344971e-01
1.406327933073043823e-01
1.011721119284629822e-01
-1.320016026496887207e+00
-1.221287727355957031e+00
-1.357733964920043945e+00
-1.061269640922546387e+00
-8.641759157180786133e-01
-7.426590919494628906e-01
-1.199424266815185547e+00
-1.635187864303588867e+00
-1.901719450950622559e+00
-1.660658359527587891e+00
-8.777106404304504395e-01
-4.274794459342956543e-01
-1.736616715788841248e-02
-2.222486883401870728e-01
-2.425559163093566895e-01
-7.649796605110168457e-01
-5.526120662689208984e-01
4.670873656868934631e-02
-6.202432513236999512e-01
-6.144583821296691895e-01
-1.225024536252021790e-01
-4.545723553746938705e-03
6.195988655090332031e-01
3.051932156085968018e-01
-4.106193184852600098e-01
-3.955586254596710205e-02
4.305259287357330322e-01
6.723921895027160645e-01
8.331196904182434082e-01
9.729625582695007324e-01
8.493217825889587402e-01
9.161000251770019531e-01
9.662154912948608398e-01
4.787726998329162598e-01
6.969328522682189941e-01
3.570529222488403320e-01
3.084729015827178955e-01
-1.394636750221252441e+00
-2.154667615890502930e+00
-1.161375403404235840e+00
-1.220103025436401367e+00
-1.866751909255981445e+00
-9.635050296783447266e-01
-1.899521797895431519e-01
-8.067815303802490234e-01
-6.963174939155578613e-01
-7.213301062583923340e-01
-6.437813639640808105e-01
-2.281152725219726562e+00
-1.313817620277404785e+00
-7.106094360351562500e-01
-1.048066169023513794e-01
-1.764503717422485352e-01
-1.491314530372619629e+00
-1.240110754966735840e+00
-9.421147108078002930e-01
-1.479662299156188965e+00
-1.547169327735900879e+00
-8.873865008354187012e-01
-1.621591329574584961e+00
-2.648185014724731445e+00
-1.250079035758972168e+00
1.604078710079193115e-02
3.148862421512603760e-01
1.791476160287857056e-01
-2.039887309074401855e-01
3.149293959140777588e-01
-2.425260990858078003e-01
6.963545829057693481e-02
5.981312990188598633e-01
4.899330735206604004e-01
3.836135864257812500e-01
8.099093437194824219e-01
3.378357887268066406e-01
6.620191335678100586e-01
4.946848154067993164e-01
4.536737799644470215e-01
6.621348261833190918e-01
1.908179819583892822e-01
-1.796697616577148438e+00
-7.716363072395324707e-01
-4.730574488639831543e-01
6.937260180711746216e-02
9.616492688655853271e-02
-9.854218959808349609e-01
-5.733444690704345703e-01
2.876231670379638672e-01
-9.717497229576110840e-02
6.641498804092407227e-01
7.234801650047302246e-01
-2.491922229528427124e-01
5.924100279808044434e-01
6.314479708671569824e-01
8.514831066131591797e-01
1.098446249961853027e+00
1.129108071327209473e+00
9.040510058403015137e-01
8.081076145172119141e-01
8.636360168457031250e-01
4.315758645534515381e-01
-3.802276253700256348e-01
-1.734218239784240723e+00
-1.041323423385620117e+00
1.206510514020919800e-01
6.615720391273498535e-01
-1.904843807220458984e+00
-9.208086729049682617e-01
-5.179011821746826172e-01
9.006678313016891479e-02
2.978176474571228027e-01
3.045822083950042725e-01
-1.926399350166320801e+00
-2.587653636932373047e+00
-5.758724808692932129e-01
-1.813134670257568359e+00
-9.415352344512939453e-01
-1.807278275489807129e+00
-2.837210416793823242e+00
-1.031872749328613281e+00
-6.522121429443359375e-01
-1.105248928070068359e+00
-4.561292529106140137e-01
3.342590034008026123e-01
4.205777943134307861e-01
-1.633729487657546997e-01
2.934628725051879883e-01
4.960243701934814453e-01
-1.501599431037902832e+00
-4.410651028156280518e-01
-1.362541764974594116e-01
-3.864473998546600342e-01
-5.833715796470642090e-01
-1.744259715080261230e+00
-2.684333324432373047e+00
-1.569071531295776367e+00
-9.910356998443603516e-01
-7.873430252075195312e-01
-3.848817348480224609e-01
-3.538786172866821289e-01
-1.949068665504455566e+00
-1.354505538940429688e+00
-3.959858119487762451e-01
-1.288794428110122681e-01
8.976432681083679199e-02
2.576077282428741455e-01
-2.615892887115478516e-01
-1.156545519828796387e+00
-9.921851754188537598e-01
2.507727444171905518e-01
3.404036462306976318e-01
2.197129279375076294e-01
3.491704761981964111e-01
-3.094556331634521484e-01
1.745375692844390869e-01
-2.564310654997825623e-02
9.122193604707717896e-02
-1.049458086490631104e-01
-4.122020304203033447e-01
-1.137969374656677246e+00
-1.760866880416870117e+00
-2.569298028945922852e+00
-2.681026697158813477e+00
-1.223529100418090820e+00
-7.188972830772399902e-01
-1.254298925399780273e+00
-1.919149041175842285e+00
-1.234251499176025391e+00
-1.671056628227233887e+00
-2.102241992950439453e+00
-1.312900781631469727e+00
-1.714537978172302246e+00
-1.564662218093872070e+00
-5.811597779393196106e-02
-1.064275979995727539e+00
-1.725086718797683716e-01
-5.894593894481658936e-02
-9.822418689727783203e-01
1.689565181732177734e-01
8.710292726755142212e-02
3.871170282363891602e-01
7.685989737510681152e-01
9.090188741683959961e-01
4.186707139015197754e-01
2.750447951257228851e-03
-1.252674221992492676e+00
-2.593205571174621582e-01
7.741805911064147949e-02
2.009865045547485352e-01
2.230430096387863159e-01
-4.864304363727569580e-01
-8.402430415153503418e-01
-2.087088584899902344e+00
-9.959931969642639160e-01
-1.140044212341308594e+00
-1.116314888000488281e+00
-1.066493391990661621e+00
-1.479205846786499023e+00
-1.852812767028808594e+00
-2.744346857070922852e+00
-1.524757146835327148e+00
-8.285786509513854980e-01
-8.682400584220886230e-01
-1.734015941619873047e+00
-1.241485834121704102e+00
-2.043026208877563477e+00
-1.724014997482299805e+00
-2.054176092147827148e+00
-1.039589524269104004e+00
-1.100598096847534180e+00
-1.000444293022155762e+00
-1.005285739898681641e+00
-1.605915784835815430e+00
-5.200667977333068848e-01
-6.405651569366455078e-02
5.271137952804565430e-01
5.728605389595031738e-01
3.398295342922210693e-01
3.798187375068664551e-01
4.006088972091674805e-01
3.204511404037475586e-01
4.787204861640930176e-01
-4.651566743850708008e-01
-2.743226766586303711e+00
-1.423208475112915039e+00
-6.984015703201293945e-01
-1.174815177917480469e+00
-1.121839046478271484e+00
-1.064770698547363281e+00
-5.378708243370056152e-01
-1.028317093849182129e+00
-1.204891324043273926e+00
-1.110497355461120605e+00
-1.516549468040466309e+00
-2.312975406646728516e+00
-2.175712823867797852e+00
-1.665193915367126465e+00
-6.281050443649291992e-01
-4.822919666767120361e-01
5.843868851661682129e-02
-1.930631399154663086e-01
5.273361131548881531e-02
1.853982210159301758e-01
-4.581086039543151855e-01
3.311668708920478821e-02
-2.952344901859760284e-02
4.518323242664337158e-01
2.108309268951416016e-01
6.268830299377441406e-01
4.223503172397613525e-02
4.914094507694244385e-01
5.768284797668457031e-01
4.189692810177803040e-02
3.280308544635772705e-01
3.845039904117584229e-01
4.318621158599853516e-01
-3.142367601394653320e-01
-3.037343360483646393e-02
2.217398881912231445e-01
4.096409976482391357e-01
5.231293439865112305e-01
5.535639524459838867e-01
2.571378648281097412e-01
-5.114248022437095642e-02
-4.357275068759918213e-01
-3.120522797107696533e-01
-2.641434967517852783e-01
-3.167850971221923828e-01
3.746283054351806641e-01
4.502881765365600586e-01
-2.142321318387985229e-01
-4.546492397785186768e-01
-1.893987655639648438e+00
-1.549146026372909546e-01
-3.524033129215240479e-01
1.465553045272827148e-01
1.975229531526565552e-01
1.351154446601867676e-01
-4.481698572635650635e-01
-6.558369398117065430e-01
-6.952733397483825684e-01
-1.481853872537612915e-01
-4.436030089855194092e-01
1.806069398298859596e-03
2.073163092136383057e-01
4.160846173763275146e-01
4.056085646152496338e-01
3.877488970756530762e-01
4.828331172466278076e-01
3.217065930366516113e-01
3.356960713863372803e-01
1.013170257210731506e-01
3.429228961467742920e-01
3.751945495605468750e-01
4.155865013599395752e-01
2.879188656806945801e-01
-2.000335156917572021e-01
2.940882146358489990e-01
3.764490187168121338e-01
3.333014845848083496e-01
3.003893792629241943e-01
5.608187988400459290e-02
5.399620532989501953e-01
-8.993764966726303101e-02
1.089354008436203003e-01
2.999458909034729004e-01
2.309831827878952026e-01
-9.791301488876342773e-01
-1.832524240016937256e-01
-2.507794797420501709e-01
7.617210596799850464e-02
1.032887473702430725e-01
-1.276175491511821747e-02
1.609038114547729492e-01
1.173987910151481628e-01
-3.764828201383352280e-03
-3.383923470973968506e-01
-5.393577814102172852e-01
-2.883659601211547852e-01
-1.141753911972045898e+00
-2.029416337609291077e-02
4.790047407150268555e-01
4.251682460308074951e-01
-3.129675388336181641e-01
-4.235130846500396729e-01
-7.086973786354064941e-01
-5.270618796348571777e-01
-1.578691974282264709e-02
1.707081049680709839e-01
4.509429261088371277e-02
1.725237667560577393e-01
-3.292670249938964844e-01
-2.398740291595458984e+00
-1.629675865173339844e+00
-7.641950845718383789e-01
2.090847305953502655e-02
7.890850305557250977e-02
2.609795033931732178e-01
1.385415643453598022e-01
-4.589264467358589172e-02
-1.144320890307426453e-01
8.436767011880874634e-02
2.093917876482009888e-01
1.343171000480651855e-01
-4.905066788196563721e-01
-1.152995109558105469e+00
-3.784846663475036621e-01
-3.302869498729705811e-01
1.057858690619468689e-01
1.782792992889881134e-02
-2.650477290153503418e-01
-7.673992216587066650e-02
-1.175900623202323914e-01
-2.273470878601074219e+00
-2.563333511352539062e+00
-1.469114542007446289e+00
-2.089953571557998657e-01
-5.470338463783264160e-02
-2.717180550098419189e-01
2.703639864921569824e-01
3.191353380680084229e-01
5.499958992004394531e-01
1.588664203882217407e-01
-4.623663723468780518e-01
-5.479414463043212891e-01
-2.790170013904571533e-01
-7.308534979820251465e-01
-2.000044822692871094e+00
-1.030958890914916992e+00
-9.666779637336730957e-01
-1.114340305328369141e+00
-1.259927511215209961e+00
-2.090168237686157227e+00
-1.565060734748840332e+00
-1.853624582290649414e+00
-2.679673671722412109e+00
-1.295686125755310059e+00
-3.789201378822326660e-01
5.034607648849487305e-02
9.435020387172698975e-02
2.866925597190856934e-01
2.739398479461669922e-01
2.283299416303634644e-01
-6.490123867988586426e-01
-7.079971432685852051e-01
-1.502929627895355225e-01
-1.008002981543540955e-01
-3.603645265102386475e-01
-1.399936795234680176e+00
-1.009484171867370605e+00
-9.366097301244735718e-02
2.387595921754837036e-01
4.818774163722991943e-01
5.256596207618713379e-01
3.721551001071929932e-01
6.164509057998657227e-01
7.355810999870300293e-01
9.102421998977661133e-01
7.644565105438232422e-01
4.998588263988494873e-01
6.989094614982604980e-01
7.166205644607543945e-01
8.723532557487487793e-01
1.506540328264236450e-01
4.472922086715698242e-01
6.005377769470214844e-01
5.967736244201660156e-01
4.758061170578002930e-01
4.592770934104919434e-01
3.161589503288269043e-01
5.460305213928222656e-01
4.534891247749328613e-01
2.714748084545135498e-01
4.663400948047637939e-01
-3.996769711375236511e-02
2.312883734703063965e-01
3.390127122402191162e-01
1.408458352088928223e-01
4.615031480789184570e-01
6.560042500495910645e-01
5.804344415664672852e-01
1.778922677040100098e-01
-2.328841537237167358e-01
-9.855363517999649048e-02
-6.385358572006225586e-01
-1.530050873756408691e+00
-2.585095643997192383e+00
-1.211065292358398438e+00
-1.075227022171020508e+00
-1.843711376190185547e+00
-2.682146072387695312e+00
-9.916635155677795410e-01
-3.485564514994621277e-02
-4.736474156379699707e-02
1.701265126466751099e-01
3.291260898113250732e-01
3.227280378341674805e-01
2.758645713329315186e-01
-9.566087126731872559e-01
-8.632283806800842285e-01
-5.401885509490966797e-02
-8.891747891902923584e-02
-3.101118206977844238e-01
-2.249788306653499603e-02
-5.491853356361389160e-01
3.676514700055122375e-02
1.427530199289321899e-01
-9.386517405509948730e-01
-1.809743285179138184e+00
-1.107035636901855469e+00
2.627828121185302734e-01
1.677184402942657471e-01
2.584626376628875732e-01
5.177568793296813965e-01
7.147761583328247070e-01
3.549155592918395996e-01
-1.258436799049377441e+00
-5.002273321151733398e-01
-1.110220327973365784e-01
-1.394931316375732422e+00
-2.446149587631225586e-01
2.099814713001251221e-01
-3.776667639613151550e-02
2.809563875198364258e-01
2.166138440370559692e-01
2.852882742881774902e-01
4.440717995166778564e-01
3.039884567260742188e-01
2.627635598182678223e-01
7.888089120388031006e-02
4.249336719512939453e-01
1.116233319044113159e-01
2.040667235851287842e-01
-1.532250642776489258e-01
1.467227041721343994e-01
3.260831236839294434e-01
-1.426196217536926270e+00
-2.092256069183349609e+00
-2.605937480926513672e+00
-9.638168215751647949e-01
-1.309950947761535645e+00
-1.690266281366348267e-01
-1.948058605194091797e-01
1.983455270528793335e-01
9.707862883806228638e-02
1.705431938171386719e-01
-8.665423840284347534e-02
1.430727839469909668e-01
1.646968275308609009e-01
1.680183261632919312e-01
-9.826756119728088379e-01
-3.504403531551361084e-01
-4.402402639389038086e-01
-9.662401676177978516e-01
-2.334347248077392578e+00
-8.748259544372558594e-01
-1.809076964855194092e-01
-8.079435825347900391e-01
-6.127461194992065430e-01
-1.790810823440551758e+00
-2.534831285476684570e+00
-1.288285732269287109e+00
-4.830861687660217285e-01
-4.707733392715454102e-01
-7.951294630765914917e-02
-2.753702104091644287e-01
-2.511137425899505615e-01
-1.794223487377166748e-01
8.602055907249450684e-02
1.913127303123474121e-01
1.217913478612899780e-01
-9.321465492248535156e-01
-4.341048300266265869e-01
2.036028504371643066e-01
1.926607787609100342e-01
3.405012786388397217e-01
-1.874915659427642822e-01
-3.023245632648468018e-01
-3.537434637546539307e-01
-4.110358953475952148e-01
-3.419365584850311279e-01
-2.872675359249114990e-01
-3.171989321708679199e-01
-4.994589686393737793e-01
-5.537501722574234009e-02
-7.563212513923645020e-02
3.636793196201324463e-01
8.110534548759460449e-01
8.108618259429931641e-01
8.178384900093078613e-01
7.488784790039062500e-01
8.419418931007385254e-01
6.065195202827453613e-01
1.470561772584915161e-01
6.238126382231712341e-02
3.381690979003906250e-01
-3.728146851062774658e-01
3.195414245128631592e-01
2.072248309850692749e-01
3.094055652618408203e-01
5.823004245758056641e-01
6.492732763290405273e-01
-1.431999802589416504e+00
-1.619460344314575195e+00
4.217632487416267395e-02
-1.194369673728942871e+00
-1.187852740287780762e+00
-6.174625158309936523e-01
-8.345001935958862305e-01
-6.219384670257568359e-01
-2.272085994482040405e-01
-4.328158870339393616e-02
-2.517648637294769287e-01
-3.076536655426025391e-01
-4.688449501991271973e-01
-1.182278394699096680e-01
-1.183828234672546387e+00
-2.237963199615478516e+00
-1.428509950637817383e+00
-5.564298108220100403e-02
2.898054122924804688e-01
2.203644216060638428e-01
2.996796369552612305e-01
3.674185574054718018e-01
6.175472736358642578e-01
5.265620946884155273e-01
-1.383179053664207458e-02
-1.235971450805664062e+00
-9.645652025938034058e-02
4.260970354080200195e-01
3.118173778057098389e-01
2.277255952358245850e-01
-6.787812709808349609e-01
-2.610302567481994629e-01
-1.901861429214477539e-01
1.676974892616271973e-01
5.462940931320190430e-01
2.361383736133575439e-01
5.198315382003784180e-01
3.897776305675506592e-01
1.884532123804092407e-01
-1.097243800759315491e-01
-3.967096209526062012e-01
-2.820617258548736572e-01
-3.102697134017944336e-01
-1.665745377540588379e-01
6.466674804687500000e-02
3.645179867744445801e-01
1.988501399755477905e-01
5.123067498207092285e-01
7.394525408744812012e-01
1.071433305740356445e+00
8.061774373054504395e-01
1.096422195434570312e+00
1.213255286216735840e+00
-3.282316327095031738e-01
6.428184509277343750e-01
5.421640276908874512e-01
6.616665720939636230e-01
2.480269521474838257e-01
1.506912261247634888e-01
3.674060404300689697e-01
1.477690786123275757e-01
-1.811410486698150635e-01
-2.029364109039306641e-01
1.039578299969434738e-02
-2.754850625991821289e+00
-1.599188923835754395e+00
-4.501287937164306641e-01
-2.686624825000762939e-01
2.140376865863800049e-01
3.710508644580841064e-01
4.568764269351959229e-01
-7.850809693336486816e-01
-2.544774532318115234e+00
-7.824446558952331543e-01
-1.401343107223510742e+00
-1.461849689483642578e+00
-5.156931281089782715e-01
2.083790600299835205e-01
4.503840208053588867e-01
3.440515398979187012e-01
2.560049891471862793e-01
-5.680826902389526367e-01
-7.877377420663833618e-02
3.489172458648681641e-01
2.896846234798431396e-01
1.893091946840286255e-01
4.822708666324615479e-01
6.608990430831909180e-01
2.760206758975982666e-01
-2.595181465148925781e-01
1.509250700473785400e-01
-1.200723648071289062e+00
2.461102604866027832e-02
2.456587702035903931e-01
-2.493249028921127319e-01
-7.287570834159851074e-01
2.429298609495162964e-01
3.620040416717529297e-01
1.642006039619445801e-01
-5.060117840766906738e-01
-1.151813983917236328e+00
3.769134283065795898e-01
6.900556087493896484e-01
-5.112261176109313965e-01
-5.957124829292297363e-01
7.616609334945678711e-02
4.463326334953308105e-01
6.404545903205871582e-01
4.476517736911773682e-01
-6.388195753097534180e-01
-2.654837071895599365e-01
-5.276013910770416260e-02
-2.279969900846481323e-01
-1.469188690185546875e+00
-2.834243178367614746e-01
-3.985327780246734619e-01
2.872574329376220703e-01
8.041355013847351074e-02
-4.628452360630035400e-01
-7.328145503997802734e-01
-2.613966763019561768e-01
4.391703307628631592e-01
4.107414782047271729e-01
4.072750508785247803e-01
7.716844081878662109e-01
1.054578065872192383e+00
-2.258853167295455933e-01
4.109804928302764893e-01
-5.237774848937988281e-01
1.847162693738937378e-01
-3.076942563056945801e-01
7.141215801239013672e-01
4.332773387432098389e-01
-4.437379240989685059e-01
1.226146295666694641e-01
2.879873514175415039e-01
3.642385452985763550e-02
3.950993716716766357e-01
-2.587639987468719482e-01
7.174718379974365234e-01
1.056710481643676758e+00
-3.803215175867080688e-02
-3.774627149105072021e-01
-7.508329749107360840e-01
-1.019261956214904785e+00
-4.883535802364349365e-01
-6.356208920478820801e-01
-2.797277271747589111e-02
-1.860358193516731262e-02
1.762658804655075073e-01
2.802152633666992188e-01
-2.124545350670814514e-02
-2.861869931221008301e-01
2.416326552629470825e-01
2.276418805122375488e-01
-1.215781569480895996e-01
3.660740554332733154e-01
-3.179019689559936523e-02
5.116592049598693848e-01
9.464708715677261353e-02
6.571909785270690918e-01
-2.939093112945556641e-01
-4.564587473869323730e-01
1.399333924055099487e-01
1.018005609512329102e-01
1.503365188837051392e-01
-2.030760347843170166e-01
-3.933222889900207520e-01
-4.554290324449539185e-02
3.143263161182403564e-01
3.030687868595123291e-01
7.254033088684082031e-01
6.005139946937561035e-01
3.732166290283203125e-01
6.802996397018432617e-01
7.684087157249450684e-01
9.369620680809020996e-01
6.424313187599182129e-01
7.115061879158020020e-01
-1.060881614685058594e+00
9.459053725004196167e-02
-8.122848272323608398e-01
-1.293097287416458130e-01
2.309430837631225586e-01
4.068921506404876709e-01
-1.271468400955200195e-01
-4.553562700748443604e-01
-8.219539523124694824e-01
-5.003606677055358887e-01
9.789811447262763977e-03
6.415916234254837036e-02
2.152301371097564697e-01
2.847371995449066162e-01
-1.045881435275077820e-01
-1.025031805038452148e-01
3.868053480982780457e-02
1.906474381685256958e-01
-2.548468112945556641e-01
4.637121260166168213e-01
2.425328940153121948e-01
9.994031190872192383e-01
8.702157139778137207e-01
9.022909998893737793e-01
8.444159626960754395e-01
-9.041172266006469727e-02
-2.747420072555541992e-01
-1.111578568816184998e-01
-7.208650559186935425e-02
-1.659726798534393311e-01
4.974912106990814209e-01
5.340196490287780762e-01
9.037111997604370117e-01
1.116797327995300293e+00
1.221458196640014648e+00
9.660697579383850098e-01
5.199753642082214355e-01
9.278472661972045898e-01
8.323319554328918457e-01
6.945073008537292480e-01
3.435005843639373779e-01
3.390658199787139893e-01
1.429629921913146973e-01
1.784972697496414185e-01
3.958607017993927002e-01
-5.916519761085510254e-01
-1.895549446344375610e-01
2.569354176521301270e-01
-3.650195598602294922e-01
-5.947015881538391113e-01
-6.073452830314636230e-01
-3.076913356781005859e-01
-7.217947840690612793e-01
-3.603636622428894043e-01
-1.327275633811950684e-01
1.472232490777969360e-01
1.355794910341501236e-02
-1.757791936397552490e-01
-1.871337145566940308e-01
1.324560344219207764e-01
-2.798125147819519043e-01
-1.299466967582702637e+00
-1.607485294342041016e+00
-1.092407345771789551e+00
-9.264000654220581055e-01
-4.140660464763641357e-01
-4.051447808742523193e-01
-5.934816002845764160e-01
-4.486793279647827148e-01
-3.940400481224060059e-01
-3.670103847980499268e-01
2.907549776136875153e-02
2.866789139807224274e-02
2.408526688814163208e-01
-9.739872068166732788e-02
-7.895682752132415771e-02
6.916067004203796387e-02
-2.413294017314910889e-01
-1.980853229761123657e-01
-6.427803039550781250e-01
3.212841153144836426e-01
4.918027520179748535e-01
3.976179957389831543e-01
6.078796386718750000e-01
4.596500694751739502e-01
2.015313506126403809e-01
3.904795348644256592e-01
5.144621133804321289e-01
6.236836910247802734e-01
8.884183764457702637e-01
5.508136749267578125e-01
5.660394430160522461e-01
5.930993556976318359e-01
3.126394152641296387e-01
-2.446440011262893677e-01
-3.142491877079010010e-01
1.122052073478698730e-01
-3.260651230812072754e-01
-2.312340736389160156e-01
-1.561683267354965210e-01
-1.038029670715332031e+00
-8.062506914138793945e-01
-1.322825789451599121e+00
-1.644587039947509766e+00
-1.478358626365661621e+00
-2.127147436141967773e+00
-1.637065052986145020e+00
-5.209587812423706055e-01
8.961208909749984741e-02
2.148264646530151367e-01
3.128188848495483398e-01
2.746897041797637939e-01
3.366938829421997070e-01
5.025008916854858398e-01
6.012052297592163086e-01
4.428140223026275635e-01
2.522232830524444580e-01
2.342522144317626953e-01
1.205940917134284973e-01
2.969379127025604248e-01
-1.466969996690750122e-01
-1.297316402196884155e-01
3.097407519817352295e-01
2.816475927829742432e-01
1.470409780740737915e-01
-5.830770134925842285e-01
-1.040955930948257446e-01
1.017760578542947769e-02
4.822524189949035645e-01
4.330973625183105469e-01
5.280690193176269531e-01
6.885182261466979980e-01
4.964402318000793457e-01
4.705534577369689941e-01
5.694624185562133789e-01
5.295203328132629395e-01
1.268845498561859131e-01
-1.678734123706817627e-01
2.492684870958328247e-01
-5.153142809867858887e-01
-1.832202821969985962e-01
-3.611437678337097168e-01
-2.116537392139434814e-01
-8.340113162994384766e-01
-4.160474240779876709e-01
-3.836981952190399170e-01
-8.314599990844726562e-01
-3.868773281574249268e-01
-1.177330017089843750e+00
-1.882168292999267578e+00
-1.275555133819580078e+00
-1.916793823242187500e+00
-1.396687269210815430e+00
-1.296890616416931152e+00
-2.582628250122070312e+00
-2.527616977691650391e+00
-2.551934242248535156e+00
-2.675755500793457031e+00
-1.855495214462280273e+00
-7.019371986389160156e-01
-1.764372736215591431e-01
-1.541371226310729980e+00
-5.168408751487731934e-01
-1.794696092605590820e+00
-1.801480650901794434e+00
-6.446975469589233398e-01
-2.252669334411621094e+00
-1.330164074897766113e+00
-5.447444319725036621e-01
1.344142556190490723e-01
-3.928982913494110107e-01
-6.512566208839416504e-01
-5.904313325881958008e-01
-1.322088360786437988e+00
-1.213772416114807129e+00
-1.014976739883422852e+00
-6.600667834281921387e-01
-8.815298080444335938e-01
-4.622263908386230469e-01
-2.342231869697570801e-01
-2.267957329750061035e-01
-1.878996491432189941e-01
2.166559696197509766e-01
3.733710348606109619e-01
5.637200474739074707e-01
2.166572771966457367e-02
-5.330286175012588501e-02
-1.615884602069854736e-01
-3.039381504058837891e-01
-6.535720825195312500e-02
-1.776669025421142578e-01
-1.931011557579040527e+00
-2.012331008911132812e+00
-9.318411946296691895e-01
-3.307149410247802734e-01
-5.895709395408630371e-01
-5.225344896316528320e-01
1.305829435586929321e-01
2.479295283555984497e-01
1.985985934734344482e-01
4.842326641082763672e-01
1.730127334594726562e-01
-6.990959644317626953e-01
-1.239353656768798828e+00
-4.428522288799285889e-01
-1.649660170078277588e-01
-9.174580574035644531e-01
-9.080509543418884277e-01
-1.184534311294555664e+00
-2.102113008499145508e+00
-2.062005758285522461e+00
-1.090973019599914551e+00
-1.145391583442687988e+00
-1.153890371322631836e+00
-9.776765704154968262e-01
-5.927849411964416504e-01
-2.965168654918670654e-01
5.158628895878791809e-02
-3.891155421733856201e-01
-6.282895803451538086e-01
-1.170028328895568848e+00
-8.033697605133056641e-01
-1.018462896347045898e+00
-1.412884145975112915e-01
-1.398710906505584717e-01
-7.749001979827880859e-01
-3.897068277001380920e-02
-1.043777465820312500e+00
-2.869600653648376465e-01
1.703503280878067017e-01
-8.817022442817687988e-01
-9.325687289237976074e-01
-5.826801657676696777e-01
-3.481829166412353516e-01
-7.650527954101562500e-01
-1.752752780914306641e+00
-1.036702394485473633e+00
-7.383776307106018066e-01
-8.247700333595275879e-01
-8.982568383216857910e-01
-6.499993205070495605e-01
-1.479097366333007812e+00
-1.949557423591613770e+00
-2.596279382705688477e+00
-8.946919441223144531e-01
-2.651465535163879395e-01
1.437948793172836304e-01
5.429477095603942871e-01
-1.166367232799530029e-01
-1.258236646652221680e+00
-2.330602169036865234e+00
-2.318178415298461914e+00
-2.835422277450561523e+00
-1.636563062667846680e+00
-1.540152788162231445e+00
-1.332268476486206055e+00
-1.540145516395568848e+00
-1.224832296371459961e+00
-1.918552875518798828e+00
-1.327926516532897949e+00
-1.947229623794555664e+00
-1.638024926185607910e+00
-4.354876279830932617e-01
1.915743798017501831e-01
-2.007356584072113037e-01
-3.863438367843627930e-01
2.323561459779739380e-01
-7.015712857246398926e-01
-3.956216871738433838e-01
-2.951566874980926514e-01
-4.560402333736419678e-01
-1.052867770195007324e+00
-1.231742382049560547e+00
-2.418205976486206055e+00
-2.148919820785522461e+00
-2.213646888732910156e+00
-2.333831787109375000e+00
-1.826179027557373047e+00
-1.072090983390808105e+00
-1.042103528976440430e+00
-6.164056658744812012e-01
-1.111271739006042480e+00
-9.063289761543273926e-01
-3.114198744297027588e-01
-1.819453686475753784e-01
-1.191107153892517090e+00
-1.405058979988098145e+00
-1.817549943923950195e+00
-2.045128107070922852e+00
-7.903010845184326172e-01
-1.495365142822265625e+00
-1.825262665748596191e+00
-1.585025548934936523e+00
-1.993444204330444336e+00
-2.089171648025512695e+00
-2.035702228546142578e+00
-1.657484769821166992e+00
-1.433807849884033203e+00
-1.589706540107727051e+00
-2.051720619201660156e+00
-1.947950601577758789e+00
-1.209714174270629883e+00
-7.385185956954956055e-01
-6.031521558761596680e-01
-1.006495594978332520e+00
-1.615455865859985352e+00
-5.274404883384704590e-01
-2.970644831657409668e-01
-2.579430937767028809e-01
-1.398257017135620117e-01
-2.858076691627502441e-01
2.212305068969726562e-01
5.209862589836120605e-01
-1.953169405460357666e-01
3.905362486839294434e-01
7.617900967597961426e-01
7.310498356819152832e-01
8.123429417610168457e-01
1.173882961273193359e+00
1.228601694107055664e+00
8.426004052162170410e-01
8.166206479072570801e-01
-2.330500930547714233e-01
5.347863435745239258e-01
-4.508943557739257812e-01
4.523457884788513184e-01
-2.080719023942947388e-01
3.550057485699653625e-02
2.320387959480285645e-01
7.480768561363220215e-01
6.848156452178955078e-01
4.679331928491592407e-02
-7.218299061059951782e-02
-8.055095672607421875e-01
-2.896074354648590088e-01
4.327439665794372559e-01
-5.296654626727104187e-02
1.570276319980621338e-01
-1.343574970960617065e-01
2.230825871229171753e-01
6.493710279464721680e-01
6.122416257858276367e-01
6.353180408477783203e-01
7.346602678298950195e-01
6.107796430587768555e-01
7.199270725250244141e-01
2.956084012985229492e-01
6.931933164596557617e-01
6.362934112548828125e-01
6.205828189849853516e-01
-5.850198268890380859e-01
-1.349147558212280273e+00
-1.778309464454650879e+00
-5.853273868560791016e-01
-8.636388778686523438e-01
-4.448955655097961426e-01
2.400515079498291016e-01
3.136604428291320801e-01
1.890367120504379272e-01
4.816112220287322998e-01
1.666992753744125366e-01
9.273993372917175293e-01
8.708719015121459961e-01
4.001700282096862793e-01
9.791617393493652344e-01
5.336281061172485352e-01
5.678153038024902344e-01
7.006626129150390625e-01
1.080201625823974609e+00
6.843770146369934082e-01
4.022551178932189941e-01
6.088762283325195312e-01
-7.802122831344604492e-01
5.828494951128959656e-02
5.323281884193420410e-01
5.758122205734252930e-01
4.042423665523529053e-01
3.468863368034362793e-01
2.010122686624526978e-01
4.028600752353668213e-01
4.517480432987213135e-01
5.347964763641357422e-01
4.632771909236907959e-01
7.413777709007263184e-01
9.588199257850646973e-01
-1.906943172216415405e-01
5.281076431274414062e-01
-1.303736567497253418e+00
-3.789510726928710938e-01
2.696069478988647461e-01
7.141506671905517578e-01
6.003171801567077637e-01
8.331781029701232910e-01
7.737175226211547852e-01
6.123489234596490860e-03
5.394651889801025391e-01
1.057361125946044922e+00
1.113295912742614746e+00
6.363649368286132812e-01
-1.824656277894973755e-01
-7.371725440025329590e-01
-1.980706453323364258e+00
-2.243050813674926758e+00
-4.249576032161712646e-01
7.445569634437561035e-01
6.907263994216918945e-01
-9.952490925788879395e-01
-2.378414154052734375e+00
-1.850658774375915527e+00
-8.352304697036743164e-01
-7.828226685523986816e-01
-9.306200146675109863e-01
-6.116427183151245117e-01
-8.292605280876159668e-01
-4.555710852146148682e-01
2.623848915100097656e-01
-6.770686060190200806e-02
2.906335592269897461e-01
2.082393616437911987e-01
2.948247492313385010e-01
6.769226193428039551e-01
3.001101016998291016e-01
6.077820062637329102e-01
8.752825856208801270e-01
9.356745481491088867e-01
8.840064406394958496e-01
1.269522428512573242e+00
1.302729010581970215e+00
1.008756756782531738e+00
-1.264254003763198853e-01
-9.930938482284545898e-02
2.154496870934963226e-02
-1.291175603866577148e+00
-1.903347730636596680e+00
-2.752164363861083984e+00
-2.760302305221557617e+00
-1.080661296844482422e+00
-3.801239281892776489e-02
3.960558772087097168e-01
4.389597177505493164e-01
6.072409152984619141e-01
6.771963834762573242e-01
6.382774114608764648e-01
7.276818752288818359e-01
6.676526665687561035e-01
8.357090353965759277e-01
7.233638763427734375e-01
3.501767292618751526e-02
-2.958627641201019287e-01
-1.365864872932434082e+00
-1.891510486602783203e+00
-2.133100748062133789e+00
-1.992687702178955078e+00
-1.321191072463989258e+00
-1.142429590225219727e+00
-1.005681872367858887e+00
-1.935881018638610840e+00
-1.074292898178100586e+00
-3.476336002349853516e-01
1.014965679496526718e-02
7.122510671615600586e-01
2.034823596477508545e-01
3.578493371605873108e-03
1.549931149929761887e-02
-2.307438403367996216e-01
-3.550127148628234863e-01
4.286649078130722046e-02
2.588452398777008057e-01
3.996163308620452881e-01
4.727345407009124756e-01
2.845480293035507202e-02
-7.671271562576293945e-01
3.123481273651123047e-01
8.071218132972717285e-01
1.085713505744934082e+00
1.161786198616027832e+00
1.292678117752075195e+00
1.554680943489074707e+00
1.458668828010559082e+00
1.476893782615661621e+00
1.515542507171630859e+00
1.467427611351013184e+00
1.439745306968688965e+00
1.287750959396362305e+00
1.626220822334289551e+00
1.361739873886108398e+00
1.556975126266479492e+00
1.533932089805603027e+00
1.647363901138305664e+00
1.369553327560424805e+00
1.623968005180358887e+00
1.676005482673645020e+00
1.731678485870361328e+00
1.312146663665771484e+00
1.647306203842163086e+00
1.354451179504394531e+00
1.266101121902465820e+00
1.330979108810424805e+00
1.322552561759948730e+00
1.608198761940002441e+00
1.604925394058227539e+00
1.776648521423339844e+00
1.335716724395751953e+00
1.692817211151123047e+00
1.299996256828308105e+00
1.048141598701477051e+00
-1.744143068790435791e-01
-1.964840769767761230e+00
-2.384329080581665039e+00
-2.108935117721557617e+00
-2.533573150634765625e+00
-3.087114170193672180e-02
6.613090038299560547e-01
4.754219949245452881e-01
8.031063526868820190e-02
4.342195093631744385e-01
6.530377864837646484e-01
4.904734194278717041e-01
8.607974648475646973e-01
-2.387999892234802246e-01
8.328610658645629883e-02
-2.810952663421630859e-01
9.194459766149520874e-03
3.205077946186065674e-01
-4.426109790802001953e-01
-6.603211760520935059e-01
-1.753478497266769409e-01
9.395577907562255859e-01
9.657894372940063477e-01
9.153708070516586304e-02
5.748049616813659668e-01
5.438485145568847656e-01
1.022614121437072754e+00
1.125861167907714844e+00
1.224930524826049805e+00
1.242002367973327637e+00
5.390117764472961426e-01
1.107062697410583496e+00
1.227050423622131348e+00
1.299877166748046875e+00
1.225151896476745605e+00
9.859579205513000488e-01
9.154766201972961426e-01
1.053815364837646484e+00
1.180142998695373535e+00
1.204252481460571289e+00
1.075400352478027344e+00
1.156462550163269043e+00
1.228045940399169922e+00
1.265052080154418945e+00
1.286766052246093750e+00
5.365924835205078125e-01
8.816107511520385742e-01
1.109973311424255371e+00
-1.773331999778747559e+00
-1.538232922554016113e+00
-1.185265064239501953e+00
-3.627856373786926270e-01
-1.074923634529113770e+00
6.192906945943832397e-02
2.105494141578674316e-01
8.716876059770584106e-02
9.343416690826416016e-01
9.707388281822204590e-01
1.158902645111083984e+00
1.299823999404907227e+00
1.320518732070922852e+00
1.217793941497802734e+00
6.917054057121276855e-01
5.105352401733398438e-01
-9.648634195327758789e-01
-1.877282857894897461e+00
-2.205135583877563477e+00
-2.021003961563110352e+00
-1.210198923945426941e-01
-2.032450914382934570e+00
-2.067663192749023438e+00
-8.866567611694335938e-01
-8.025870323181152344e-01
-1.693151354789733887e+00
-2.785610914230346680e+00
-2.046625375747680664e+00
-1.182441830635070801e+00
-9.846584200859069824e-01
-1.549475044012069702e-01
-6.261802278459072113e-03
-4.254320263862609863e-01
-9.926338195800781250e-01
-1.020349621772766113e+00
-1.170751824975013733e-01
3.434116542339324951e-01
7.078535556793212891e-01
8.370860219001770020e-01
8.534908294677734375e-01
9.177611470222473145e-01
9.612606763839721680e-01
9.358083605766296387e-01
1.307401061058044434e-01
4.396286606788635254e-01
-3.158410787582397461e-01
2.403309047222137451e-01
3.825447559356689453e-01
2.351559549570083618e-01
4.726171493530273438e-01
9.047204256057739258e-01
9.402988553047180176e-01
2.977499961853027344e-01
9.318939447402954102e-01
8.191350698471069336e-01
8.276783227920532227e-01
9.217530488967895508e-02
2.088256329298019409e-01
7.149445265531539917e-02
1.869148313999176025e-01
1.597944051027297974e-01
-1.344725728034973145e+00
-9.227112531661987305e-01
-2.013824939727783203e+00
-2.219698905944824219e+00
-1.307231903076171875e+00
-9.428634643554687500e-01
-7.056526541709899902e-01
-2.199066877365112305e+00
-6.516165137290954590e-01
-1.255510687828063965e+00
-2.294025182723999023e+00
-3.998636305332183838e-01
-1.598497331142425537e-01
-4.241390526294708252e-01
-4.704320728778839111e-01
-1.142171859741210938e+00
-1.018623113632202148e+00
-7.285214215517044067e-02
-1.188561558723449707e+00
-1.683500051498413086e+00
-2.076078176498413086e+00
-1.852089285850524902e+00
-1.795343518257141113e+00
-7.691646218299865723e-01
-2.681339979171752930e+00
-8.811582326889038086e-01
-1.991803407669067383e+00
-1.734115719795227051e+00
-1.218436583876609802e-01
9.526947736740112305e-01
1.141021370887756348e+00
1.288125872611999512e+00
1.078382492065429688e+00
8.832805752754211426e-01
-3.587514460086822510e-01
-1.329663991928100586e+00
-6.045955419540405273e-01
2.543560564517974854e-01
7.648808360099792480e-01
6.551789641380310059e-01
-1.326154828071594238e+00
-3.902827799320220947e-01
2.193879932165145874e-01
6.069127321243286133e-01
9.908405542373657227e-01
1.009040713310241699e+00
1.085302710533142090e+00
1.205157399177551270e+00
9.278738498687744141e-01
1.041952610015869141e+00
8.524137139320373535e-01
9.210120439529418945e-01
8.521507382392883301e-01
7.498721480369567871e-01
-6.313145160675048828e-01
-2.783163785934448242e-01
3.135823011398315430e-01
9.358170628547668457e-01
1.518706530332565308e-01
-5.504195690155029297e-01
-2.868659019470214844e+00
-1.018833041191101074e+00
-1.698709577322006226e-01
-9.905897378921508789e-01
4.489145278930664062e-01
6.983520388603210449e-01
3.393498361110687256e-01
-3.653299212455749512e-01
-4.205546081066131592e-01
-4.546056091785430908e-01
-1.115459203720092773e+00
-9.120794385671615601e-02
7.064978480339050293e-01
6.024848222732543945e-01
6.667613387107849121e-01
9.390000700950622559e-01
8.086937665939331055e-01
1.020897150039672852e+00
4.025364518165588379e-01
-8.380793333053588867e-01
-3.629295825958251953e-01
-1.475789070129394531e+00
-2.178347110748291016e+00
-2.261811733245849609e+00
-5.630283355712890625e-01
-2.124663114547729492e+00
-4.356034398078918457e-01
5.470299124717712402e-01
1.048800230026245117e+00
8.343696594238281250e-01
5.425092577934265137e-01
5.639199018478393555e-01
-4.665536582469940186e-01
5.511627197265625000e-01
8.144193291664123535e-01
2.940659224987030029e-01
-1.458825588226318359e+00
-2.890728116035461426e-01
2.235076874494552612e-01
-1.171388104557991028e-01
-2.592420578002929688e+00
-5.912705063819885254e-01
-1.768020391464233398e+00
-3.523614108562469482e-01
5.179647207260131836e-01
1.207345843315124512e+00
9.154573678970336914e-01
7.004814147949218750e-01
-1.630234360694885254e+00
-4.436640739440917969e-01
2.684777677059173584e-01
-8.572865277528762817e-02
-2.194774866104125977e+00
-1.751787662506103516e-01
-2.657145559787750244e-01
-1.325862407684326172e+00
1.539674997329711914e-01
1.137067526578903198e-01
-1.910532236099243164e+00
-2.069047451019287109e+00
-2.555629253387451172e+00
-2.211132287979125977e+00
-1.080619931221008301e+00
-1.166191458702087402e+00
-7.396239042282104492e-01
-7.556467652320861816e-01
-7.922742366790771484e-01
-8.360566496849060059e-01
-7.881073951721191406e-01
-4.232132434844970703e-01
-8.483561873435974121e-01
1.374715100973844528e-02
-5.471920967102050781e-02
3.761234283447265625e-01
3.494063019752502441e-01
7.019823789596557617e-02
-4.562261998653411865e-01
2.223306708037853241e-02
-5.388671755790710449e-01
-1.473033905029296875e+00
-3.229148089885711670e-01
-6.041565537452697754e-01
-7.158901095390319824e-01
-2.903092205524444580e-01
-1.013951301574707031e+00
-5.856865644454956055e-01
-1.308500319719314575e-01
6.572906374931335449e-01
1.001735687255859375e+00
1.056569576263427734e+00
8.027452230453491211e-01
8.538218736648559570e-01
9.236461669206619263e-02
-2.893426120281219482e-01
-1.502991020679473877e-01
-4.714752435684204102e-01
-4.145968258380889893e-01
-6.703872978687286377e-02
1.380531936883926392e-01
-3.620688989758491516e-02
-3.567888140678405762e-01
-3.000624179840087891e-01
-1.962291359901428223e+00
-2.712665796279907227e+00
-2.691411733627319336e+00
-2.703245639801025391e+00
-2.699737548828125000e+00
